90.09207105534384
104.42867473188926
189.75757863543413
195.0980953930578
170.67465599305217
171.4779556385447
184.37638814818024
184.37638814818024
98.28721687214491
175.43321921315442
169.28218629563216
159.02856342079087
143.974869297828
143.974869297828
143.974869297828
144.45892204641913
144.75180384579286
48.168253720473835
13.72729288551866
19.706349507022168
16.277207903183506
14.921932138493677
17.8442861835351
21.98867106484846
28.59470039053096
39.85755055962808
33.468080641210456
125.81902339352563
24.8624942895876
144.45892204641913
21.98522787881542
170.40221436805322
58.78621188185187
19.708164125839158
17.851298761238873
159.79739554671312
72.04846212034651
28.583154425501206
106.32469200467558
33.45479759831384
88.02170370443704
48.15505934734232
176.94635479126444
25.673820861144577
14.937485948494569
16.28888557831047
39.84409109939531
39.84409109939531
125.81902339352563
24.8624942895876
144.45892204641913
21.98522787881542
170.40221436805322
58.78621188185187
19.708164125839158
17.851298761238873
159.79739554671312
72.04846212034651
28.583154425501206
106.32469200467558
33.45479759831384
88.02170370443704
48.15505934734232
176.94635479126444
25.673820861144577
14.937485948494569
16.28888557831047
39.84409109939531
39.84409109939531
125.81902339352563
24.8624942895876
144.45892204641913
21.98522787881542
170.40221436805322
58.78621188185187
19.708164125839158
17.851298761238873
159.79739554671312
72.04846212034651
28.583154425501206
106.32469200467558
33.45479759831384
88.02170370443704
48.15505934734232
176.94635479126444
25.673820861144577
14.937485948494569
16.28888557831047
39.84409109939531
39.84409109939531
125.81902339352563
24.8624942895876
144.45892204641913
21.98522787881542
170.40221436805322
58.78621188185187
19.708164125839158
17.851298761238873
159.79739554671312
72.04846212034651
28.583154425501206
106.32469200467558
33.45479759831384
88.02170370443704
48.15505934734232
176.94635479126444
25.673820861144577
14.937485948494569
16.28888557831047
39.84409109939531
39.84409109939531
129.7622567699875
25.43494810678886
150.97615472441746
22.466197849864308
185.04988211042806
59.52756467664565
20.088306263165677
18.13305811997621
169.92391426320307
72.97068726510142
29.22508860869869
108.63012509280018
34.13564213987942
89.39980751453764
48.84961697488998
196.7506012479289
13.811440892742972
15.059570257421067
16.48316570054645
40.53534286449035
40.53534286449035
129.7622567699875
25.43494810678886
150.97615472441746
22.466197849864308
59.52756467664565
145.70741793085867
30.114498603662437
174.75315666274386
26.814083770758863
235.24188135385057
65.60597989692484
24.104179649849396
21.836508575704634
205.095420988614
79.7705562482363
34.21234886550981
119.68741417027066
39.38892487280651
97.66604301975403
54.5653324668807
265.182130938793
16.78413790333305
18.239669963489195
19.90634953357215
46.01595765181767
46.01595765181767
125.81902339352563
24.8624942895876
144.45892204641913
21.98522787881542
170.40221436805322
58.78621188185187
19.708164125839158
17.851298761238873
159.79739554671312
72.04846212034651
28.583154425501206
106.32469200467558
33.45479759831384
88.02170370443704
48.15505934734232
176.94635479126444
25.673820861144577
14.937485948494569
16.28888557831047
39.84409109939531
39.84409109939531
125.81902339352563
24.8624942895876
144.45892204641913
21.98522787881542
170.40221436805322
58.78621188185187
19.708164125839158
17.851298761238873
159.79739554671312
72.04846212034651
28.583154425501206
106.32469200467558
33.45479759831384
88.02170370443704
48.15505934734232
176.94635479126444
25.673820861144577
14.937485948494569
16.28888557831047
39.84409109939531
39.84409109939531
125.81902339352563
24.8624942895876
144.45892204641913
17.851298761238873
17.851298761238873
17.851298761238873
17.851298761238873
17.851298761238873
17.851298761238873
125.81902339352563
24.8624942895876
144.45892204641913
21.98522787881542
170.40221436805322
58.78621188185187
19.708164125839158
17.851298761238873
159.79739554671312
72.04846212034651
28.583154425501206
106.32469200467558
33.45479759831384
88.02170370443704
48.15505934734232
176.94635479126444
25.673820861144577
14.937485948494569
16.28888557831047
39.84409109939531
39.84409109939531
1840.1692178282015
1809.6108347274092
1829.2769426906384
1789.8379942561105
1786.8917449208152
1861.0430106145811
1766.5374143981114
1739.2009108255234
1815.0761674434082
1860.87505484388
1826.1896341235683
1849.266512978195
1839.673255986263
1856.075328164162
1857.3127420805006
1751.4019711306614
1620.5812828354735
1668.270993418102
1706.9400239767417
1850.0862167360767
1850.0862167360767
1739.2009108255234
1840.1692178282015
1809.6108347274092
1975.9957503028809
1199.850994873386
1968.4354602736175
1763.812435888858
968.1518973580947
1829.2769426906384
1789.8379942561105
1786.8917449208152
1861.0430106145811
2336.471823512729
1766.5374143981114
21.136124482549008
1364.2337039663064
1739.2009108255234
364.5527422535775
1478.1741674941857
1815.0761674434082
1860.87505484388
2166.756850783981
1826.1896341235683
1849.266512978195
330.43968012361006
1272.9315357064243
670.2394897797697
1529.6705806861319
1839.673255986263
1856.075328164162
2485.362683528082
1857.3127420805006
1751.4019711306614
1620.5812828354735
993.0354482553212
1668.270993418102
1559.5386611476024
689.8632782849519
1706.9400239767417
2255.5248263149865
1850.0862167360767
1850.0862167360767
1793.2052358845108
1710.654539786595
1911.1441614121557
1075.5233642997368
1786.376048563908
1716.7301425379874
851.9066332524992
1788.3248624206872
1685.7658303938078
1757.8927223876658
1790.0672832854668
2238.347869801593
1657.5724978486123
89.74109033123939
1236.1154961938578
1625.6085325198962
413.6661042451445
1349.345750032216
1780.1046256337831
1795.8352388709018
2084.858918027817
1732.5396841812992
1796.2651972963235
243.31553005698953
1263.1935122999835
566.724415414484
1500.989493111877
1751.4951103390079
1797.0418780502766
2371.937528616338
1780.4901304337586
1728.2559039088592
1495.494011633039
1002.6809794517026
1546.4947271278177
1431.963346723603
719.1974675702494
1589.046492886947
2064.669794084996
1767.5236167966716
1767.5236167966716
222.5093604106728
44.78172664185752
173.88720978869358
121.8027235002188
200.80260316028472
174.2775583089673
135.88638472560282
279.46318853644885
40.53353839043252
358.40936035581444
80.9782664621715
172.85484354835734
36.73246612825647
105.04863091075813
58.117971121766416
33.949337181321546
167.73429803547594
50.14926630370217
329.5375891958695
100.7664188325392
173.37282523896647
49.234832846108375
170.9718627249312
156.32880647206287
174.013905233109
147.3930702969065
174.3838385093488
54.06228499845932
130.19138527533616
172.40836367094664
68.23610333303364
364.79103717749757
57.260131649613825
172.95107116324152
34.1509140651313
43.207329254323625
170.9515316030595
32.91044593396958
198.07817153765092
59.94983573566306
59.94983573566306
103.9629378535812
22.42255131125328
3.751136078195756
10.435120386245995
6.45174573268593
4.04564159172408
9.602570122318323
124.1845978048844
20.382194934951144
149.20827354571173
49.56117705396955
8.561877991123323
18.78644128694487
7.41249510914048
11.316776156956509
17.463036995355168
6.769298587080147
12.241334313956148
138.54006728344424
60.79297212266089
7.6453930171747935
25.14642835270115
90.32490368400963
9.94519458222114
5.005621456627883
8.822567807986085
4.485770726888341
28.85836690524962
74.4777237489767
10.055021918371807
40.69493838685326
156.4603196704539
22.970666066600238
5.567665345987286
15.220203796740769
13.201643466947553
6.156216983031239
16.29749947097755
5.348491074127869
33.914514008749215
33.914514008749215
0.33116588531392205
0.3302846509037807
0.3095149430819675
0.32355029839312854
0.3013793211036706
0.3110311923034569
0.32254111755631104
0.3309907521022257
0.3298908874467168
0.3305108503605727
0.3313435711276374
0.3063649341846952
0.3294351092071091
0.3191706897111632
0.32450063780671184
0.32891694733391486
0.31793785631646965
0.3253905719486344
0.33077140219236106
0.33138134764436633
0.3079587684487462
0.3306160936192473
0.3312869071290156
0.32034989879973064
0.3139347640542768
0.3214736919977859
0.3125051448355247
0.33088756021830584
0.3313629041181074
0.3047354792849754
0.3312504450663056
0.33010329185956255
0.32698755448803957
0.3153180782809215
0.32769324875245215
0.32621983353085376
0.3166531705069211
0.32833693543045306
0.30307283699957355
0.33109895682995
0.33109895682995
143.1190161598258
15.231324900259885
3.378363046876868
8.185292672238957
5.477881731690492
3.557839083569766
7.567366804750314
206.22289517224473
13.918996709529209
267.67505778078345
40.65347751850998
6.266795900093917
12.941793807896591
5.770761066509574
8.78620521249266
12.17441330599025
5.25176340783772
9.361517661229206
250.00997009937169
56.07043286770793
5.433233155260698
17.086201176542566
111.80712041970683
7.154820780768198
4.077154025647937
6.9467891556535095
3.79592583530403
19.83156305108134
79.01230655177551
7.584300933587483
30.552023374795922
265.72512743065903
17.734910751591546
4.4067583998299416
10.973179507759717
9.91026463463992
4.796133419847838
11.5369894417265
4.4880784939878104
24.031177944477403
24.031177944477403
143.1190161598258
15.231324900259885
3.378363046876868
8.185292672238957
5.477881731690492
3.557839083569766
7.567366804750314
206.22289517224473
13.918996709529209
267.67505778078345
40.65347751850998
6.266795900093917
12.941793807896591
5.770761066509574
8.78620521249266
12.17441330599025
5.25176340783772
9.361517661229206
250.00997009937169
56.07043286770793
5.433233155260698
17.086201176542566
111.80712041970683
7.154820780768198
4.077154025647937
6.9467891556535095
3.79592583530403
19.83156305108134
79.01230655177551
7.584300933587483
30.552023374795922
265.72512743065903
17.734910751591546
4.4067583998299416
10.973179507759717
9.91026463463992
4.796133419847838
11.5369894417265
4.4880784939878104
24.031177944477403
24.031177944477403
143.1190161598258
15.231324900259885
3.378363046876868
8.185292672238957
5.477881731690492
3.557839083569766
7.567366804750314
206.22289517224473
13.918996709529209
267.67505778078345
40.65347751850998
6.266795900093917
12.941793807896591
5.770761066509574
8.78620521249266
12.17441330599025
5.25176340783772
9.361517661229206
250.00997009937169
56.07043286770793
5.433233155260698
17.086201176542566
111.80712041970683
7.154820780768198
4.077154025647937
26.269198597254764
22.689520270476176
57.57288356894251
96.10703117536366
25.781561074386488
67.13963875784432
267.1597568816575
36.15811756877584
23.278289124700873
37.78191404699007
33.95072794844027
23.561218070978406
39.85348627867504
28.778946970841908
61.94334385000509
61.94334385000509
143.1190161598258
15.231324900259885
3.378363046876868
8.185292672238957
5.477881731690492
3.557839083569766
7.567366804750314
206.22289517224473
13.918996709529209
267.67505778078345
40.65347751850998
6.266795900093917
12.941793807896591
5.770761066509574
8.78620521249266
12.17441330599025
5.25176340783772
9.361517661229206
250.00997009937169
56.07043286770793
5.433233155260698
17.086201176542566
111.80712041970683
7.154820780768198
4.077154025647937
6.9467891556535095
5.576778600361795
21.059446848750667
78.72000229580294
6.458356369368193
31.66265760593699
288.50835254919383
17.568032852560552
4.442473900682308
11.05848977467003
9.73614336619502
4.793141104227831
11.785766281591895
3.4571407460059884
25.27010356553687
25.27010356553687
25.27010356553687
25.27010356553687
145.71180046798574
15.959497274459782
3.377524725151166
7.8827557725603175
3.973831114097754
3.5763437983864588
7.280486024148775
207.04329607647492
14.507665564540481
143.1190161598258
15.231324900259885
3.378363046876868
8.185292672238957
5.477881731690492
3.557839083569766
7.567366804750314
206.22289517224473
13.918996709529209
267.67505778078345
40.65347751850998
6.266795900093917
12.941793807896591
5.770761066509574
8.78620521249266
12.17441330599025
5.25176340783772
9.361517661229206
250.00997009937169
56.07043286770793
5.433233155260698
17.086201176542566
111.80712041970683
7.154820780768198
4.077154025647937
6.9467891556535095
3.79592583530403
19.83156305108134
79.01230655177551
7.584300933587483
30.552023374795922
265.72512743065903
17.734910751591546
4.4067583998299416
10.973179507759717
9.91026463463992
4.796133419847838
11.5369894417265
4.4880784939878104
24.031177944477403
24.031177944477403
24.302406263917504
11.192859109533295
59.979656358625384
5.206732991808845
9.802329739460172
6.823869123437864
264.2120253251146
155.48514863432285
8.808251790377719
4.554803728487951
15.231324900259885
36.08338265138597
23.038455783434184
19.187991692111
5.556152683027836
3.378363046876868
84.71745949865497
264.7809326528931
10.7384602576083
8.548630250057252
3.6016562562690866
5.477881731690492
128.02317809204231
12.61467710131927
4.661850999489959
3.557839083569766
5.061500912171959
17.54957026439993
26.300197716748706
9.134754387291066
7.567366804750314
266.46267478773615
104.37172547692595
11.591666975805763
11.907351770075648
13.301779942075633
5.881301423293365
7.194217279462662
15.550210547116562
10.865298071403426
3.325750570181199
206.22289517224473
234.7195587734831
7.356642608181999
10.123936369743467
49.133389208784706
13.918996709529209
4.336389270114046
4.017396420677153
5.255930013300226
6.580572695389029
10.01739607328657
136.78305552993257
267.67505778078345
9.70713924257559
3.7447438255847483
40.65347751850998
14.655374454256824
3.422866465964878
11.419875609855161
8.428364016836268
20.53219272827917
34.07722061174206
9.473293009490002
12.941793807896591
4.326550257631563
18.051690796638784
25.115654301383458
3.3327506111178757
5.770761066509574
265.06064467390553
73.70528981397096
8.78620521249266
7.9394502533403815
3.6162307638744537
3.9160419306358336
12.17441330599025
4.138817618799147
225.76701626409496
18.209929154866554
5.25176340783772
3.4771152292180014
29.008007297825788
16.657649291397792
7.3185104602714235
9.361517661229206
90.83520091425912
265.1921205824471
250.00997009937169
185.69481292782518
17.277002763565847
6.224005730796306
13.496301697166743
56.07043286770793
4.529886937615048
4.479521365803378
11.780372417663353
268.03291392808705
10.162447712248632
11.082293704570588
3.3067120177293994
3.516222056424433
5.155346920366383
17.086201176542566
27.59438674664422
9.01966205203894
7.691654628516002
267.19217433987967
111.80712041970683
13.117229360084657
5.993743771266414
4.04051810241324
12.038606763855048
10.758573946873955
3.3483150740205354
7.070283023541686
15.892406110977323
196.00157891275694
242.86110594372929
7.154820780768198
10.22989607906561
46.06784526166142
14.149375982299894
4.268343334494182
4.077154025647937
64.20879055557086
5.313589309089675
3.4759988000641493
11.305271406057635
9.69361453495006
6.9467891556535095
260.74638147821173
165.33680504426664
8.780598240548585
4.632628057486883
14.933620752447451
38.27067635683369
22.129214664231416
19.83156305108134
5.45224110945568
3.407745478667588
79.01230655177551
264.7934900181512
10.46571897114727
8.66785739912911
12.461862382802659
4.847811387496525
3.647522319612179
119.69290118412721
4.574897777279028
216.20367396901298
10.499744602396117
12.315362965907635
5.350746176860005
3.4408353651088888
30.552023374795922
16.260711010575857
7.442899586063101
9.248674720007303
97.38397384442152
265.72512743065903
18.703260983792667
11.657005351989042
256.0004357715358
175.43583174702792
17.734910751591546
6.108071869638874
13.701575904570198
52.461696640296864
4.527660786298936
4.4067583998299416
10.973179507759717
3.312120904232738
267.7906894267919
9.996952658186297
6.701776895013828
9.91026463463992
145.94902598527338
266.46838623733413
9.84538292298678
3.6952595834898037
43.2469372611542
14.39446584825075
5.04587484347752
8.307221909201841
21.29621383960349
3.380500242281384
11.5369894417265
12.774494272946923
4.4880784939878104
32.23737021641353
9.58397789593182
3.7040218556940694
18.596365158689622
24.031177944477403
3.3531774090268716
5.662360263052625
5.662360263052625
68.77810901119375
8.903484708400425
7.815792390126425
7.815792390126425
265.06064467390553
264.7934900181512
264.7809326528931
265.1921205824471
265.72512743065903
266.46267478773615
267.19217433987967
267.7906894267919
268.03291392808705
267.67505778078345
267.67505778078345
267.67505778078345
265.06064467390553
206.22289517224473
206.22289517224473
265.06064467390553
206.22289517224473
206.22289517224473
206.22289517224473
206.22289517224473
206.22289517224473
206.22289517224473
206.22289517224473
206.22289517224473
19.81103829726058
5.477881731690492
5.477881731690492
5.477881731690492
4.796133419847838
4.796133419847838
5.770761066509574
3.3067120177293994
3.557839083569766
3.557839083569766
5.770761066509574
24.302406263917504
11.192859109533295
59.979656358625384
5.206732991808845
3.557839083569766
3.557839083569766
3.557839083569766
3.557839083569766
3.557839083569766
21.24183088812035
9.802329739460172
264.2120253251146
8.808251790377719
3.557839083569766
3.557839083569766
3.557839083569766
3.557839083569766
3.557839083569766
3.557839083569766
3.557839083569766
3.557839083569766
3.557839083569766
4.682424430777793
3.557839083569766
3.557839083569766
3.557839083569766
3.557839083569766
21.24183088812035
9.802329739460172
264.2120253251146
8.808251790377719
15.231324900259885
23.038455783434184
5.556152683027836
84.71745949865497
8.185292672238957
5.477881731690492
128.02317809204231
12.61467710131927
4.661850999489959
3.557839083569766
17.54957026439993
9.134754387291066
266.46267478773615
267.67505778078345
8.755442661272635
14.655374454256824
8.428364016836268
34.07722061174206
12.941793807896591
4.326550257631563
25.115654301383458
5.770761066509574
73.70528981397096
7.9394502533403815
3.6162307638744537
225.76701626409496
8.646779856603423
16.657649291397792
9.361517661229206
265.1921205824471
185.69481292782518
6.959342782171378
56.07043286770793
4.725929811787857
11.780372417663353
4.970398333694332
11.082293704570588
3.3067120177293994
5.155346920366383
27.59438674664422
7.691654628516002
111.80712041970683
6.5882343693646765
4.04051810241324
12.038606763855048
15.892406110977323
242.86110594372929
16.83551238065666
14.149375982299894
4.077154025647937
64.20879055557086
6.488480133120721
11.305271406057635
6.9467891556535095
165.33680504426664
4.845688611969065
38.27067635683369
19.83156305108134
3.407745478667588
264.7934900181512
11.880441326857573
3.647522319612179
4.2025274828695185
3.8039222102783237
12.315362965907635
5.350746176860005
30.552023374795922
7.442899586063101
97.38397384442152
10.652288151894334
256.0004357715358
17.734910751591546
13.701575904570198
3.9594253314631858
267.7906894267919
7.778175858445604
145.94902598527338
4.997224013703763
43.2469372611542
10.81612518208191
21.29621383960349
3.380500242281384
11.5369894417265
9.58397789593182
18.596365158689622
3.3531774090268716
3.3531774090268716
8.903484708400425
52.31464187103785
9.361517661229206
265.1921205824471
185.69481292782518
6.959342782171378
56.07043286770793
4.725929811787857
11.780372417663353
4.970398333694332
21.24183088812035
9.802329739460172
264.2120253251146
8.808251790377719
15.231324900259885
23.038455783434184
5.556152683027836
84.71745949865497
8.185292672238957
5.477881731690492
128.02317809204231
12.61467710131927
4.661850999489959
3.557839083569766
17.54957026439993
9.134754387291066
266.46267478773615
13.301779942075633
7.194217279462662
10.865298071403426
3.325750570181199
206.22289517224473
7.356642608181999
49.133389208784706
4.636270105225187
10.01739607328657
267.67505778078345
8.755442661272635
14.655374454256824
8.428364016836268
34.07722061174206
12.941793807896591
4.326550257631563
25.115654301383458
5.770761066509574
73.70528981397096
7.9394502533403815
3.6162307638744537
225.76701626409496
8.646779856603423
16.657649291397792
9.361517661229206
265.1921205824471
185.69481292782518
6.959342782171378
56.07043286770793
4.725929811787857
11.780372417663353
4.970398333694332
11.082293704570588
3.3067120177293994
5.155346920366383
27.59438674664422
7.691654628516002
111.80712041970683
6.5882343693646765
4.04051810241324
12.038606763855048
21.24183088812035
9.802329739460172
264.2120253251146
8.808251790377719
15.231324900259885
23.038455783434184
5.556152683027836
84.71745949865497
8.185292672238957
5.477881731690492
128.02317809204231
12.61467710131927
4.661850999489959
3.557839083569766
17.54957026439993
9.134754387291066
266.46267478773615
13.301779942075633
7.194217279462662
10.865298071403426
3.325750570181199
206.22289517224473
7.356642608181999
49.133389208784706
4.636270105225187
10.01739607328657
267.67505778078345
8.755442661272635
14.655374454256824
8.428364016836268
34.07722061174206
12.941793807896591
4.326550257631563
25.115654301383458
5.770761066509574
73.70528981397096
7.9394502533403815
3.6162307638744537
225.76701626409496
8.646779856603423
16.657649291397792
9.361517661229206
265.1921205824471
185.69481292782518
6.959342782171378
56.07043286770793
4.725929811787857
11.780372417663353
4.970398333694332
11.082293704570588
3.3067120177293994
5.155346920366383
27.59438674664422
7.691654628516002
111.80712041970683
6.5882343693646765
4.04051810241324
12.038606763855048
15.892406110977323
242.86110594372929
16.83551238065666
14.149375982299894
4.077154025647937
64.20879055557086
6.488480133120721
11.305271406057635
6.9467891556535095
165.33680504426664
4.845688611969065
38.27067635683369
19.83156305108134
3.407745478667588
264.7934900181512
11.880441326857573
3.647522319612179
4.2025274828695185
3.8039222102783237
12.315362965907635
5.350746176860005
30.552023374795922
7.442899586063101
97.38397384442152
10.652288151894334
256.0004357715358
17.734910751591546
13.701575904570198
3.9594253314631858
267.7906894267919
7.778175858445604
145.94902598527338
4.997224013703763
43.2469372611542
10.81612518208191
21.29621383960349
3.380500242281384
11.5369894417265
9.58397789593182
18.596365158689622
3.3531774090268716
3.3531774090268716
8.903484708400425
21.24183088812035
9.802329739460172
264.2120253251146
8.808251790377719
15.231324900259885
23.038455783434184
5.556152683027836
84.71745949865497
8.185292672238957
5.477881731690492
128.02317809204231
12.61467710131927
4.661850999489959
3.557839083569766
17.54957026439993
9.134754387291066
266.46267478773615
13.301779942075633
7.194217279462662
10.865298071403426
3.325750570181199
206.22289517224473
7.356642608181999
49.133389208784706
4.636270105225187
10.01739607328657
267.67505778078345
8.755442661272635
14.655374454256824
8.428364016836268
34.07722061174206
12.941793807896591
4.326550257631563
25.115654301383458
5.770761066509574
73.70528981397096
7.9394502533403815
3.6162307638744537
225.76701626409496
8.646779856603423
16.657649291397792
9.361517661229206
265.1921205824471
185.69481292782518
6.959342782171378
56.07043286770793
4.725929811787857
11.780372417663353
4.970398333694332
11.082293704570588
3.3067120177293994
5.155346920366383
27.59438674664422
7.691654628516002
111.80712041970683
6.5882343693646765
4.04051810241324
12.038606763855048
15.892406110977323
242.86110594372929
16.83551238065666
14.149375982299894
4.077154025647937
64.20879055557086
6.488480133120721
11.305271406057635
6.9467891556535095
21.24183088812035
9.802329739460172
264.2120253251146
3.8487785201480933
15.231324900259885
23.038455783434184
5.556152683027836
84.71745949865497
8.185292672238957
5.477881731690492
128.02317809204231
12.61467710131927
4.661850999489959
3.557839083569766
17.54957026439993
9.134754387291066
266.46267478773615
13.301779942075633
7.194217279462662
10.865298071403426
3.325750570181199
206.22289517224473
6.460414227875811
49.133389208784706
4.336389270114046
10.01739607328657
267.67505778078345
3.7447438255847483
14.655374454256824
3.3177500213583446
9.802329739460172
264.2120253251146
3.8487785201480933
15.231324900259885
23.038455783434184
5.556152683027836
84.71745949865497
8.185292672238957
5.477881731690492
128.02317809204231
12.61467710131927
4.661850999489959
3.557839083569766
17.54957026439993
9.134754387291066
266.46267478773615
13.301779942075633
7.194217279462662
10.865298071403426
3.325750570181199
206.22289517224473
6.460414227875811
49.133389208784706
4.336389270114046
10.01739607328657
267.67505778078345
3.7447438255847483
14.655374454256824
8.428364016836268
34.07722061174206
12.941793807896591
4.326550257631563
25.115654301383458
5.770761066509574
73.70528981397096
7.9394502533403815
3.6162307638744537
225.76701626409496
3.4771152292180014
16.657649291397792
9.361517661229206
265.1921205824471
185.69481292782518
6.224005730796306
56.07043286770793
4.479521365803378
11.780372417663353
4.970398333694332
11.082293704570588
3.3067120177293994
5.155346920366383
27.59438674664422
7.691654628516002
111.80712041970683
5.993743771266414
4.04051810241324
12.038606763855048
15.892406110977323
242.86110594372929
10.22989607906561
14.149375982299894
4.077154025647937
64.20879055557086
3.4759988000641493
11.305271406057635
6.9467891556535095
165.33680504426664
4.632628057486883
38.27067635683369
19.83156305108134
3.407745478667588
264.7934900181512
8.66785739912911
3.647522319612179
4.2025274828695185
3.8039222102783237
12.315362965907635
5.350746176860005
30.552023374795922
7.442899586063101
97.38397384442152
10.652288151894334
256.0004357715358
10.441040980111692
13.701575904570198
3.9594253314631858
267.7906894267919
6.701776895013828
145.94902598527338
4.796133419847838
43.2469372611542
5.04587484347752
21.29621383960349
3.380500242281384
11.5369894417265
9.58397789593182
18.596365158689622
3.3531774090268716
3.3531774090268716
8.903484708400425
8.678876924402621
9.802329739460172
264.2120253251146
3.8487785201480933
15.231324900259885
23.038455783434184
5.556152683027836
84.71745949865497
8.185292672238957
5.477881731690492
128.02317809204231
12.61467710131927
4.661850999489959
3.557839083569766
17.54957026439993
9.134754387291066
266.46267478773615
13.301779942075633
7.194217279462662
10.865298071403426
3.325750570181199
206.22289517224473
6.460414227875811
49.133389208784706
4.336389270114046
10.01739607328657
267.67505778078345
3.7447438255847483
14.655374454256824
8.428364016836268
34.07722061174206
12.941793807896591
4.326550257631563
25.115654301383458
5.770761066509574
73.70528981397096
7.9394502533403815
3.6162307638744537
225.76701626409496
3.4771152292180014
16.657649291397792
9.361517661229206
265.1921205824471
185.69481292782518
6.224005730796306
56.07043286770793
4.479521365803378
11.780372417663353
4.970398333694332
11.082293704570588
3.3067120177293994
5.155346920366383
27.59438674664422
7.691654628516002
111.80712041970683
5.993743771266414
4.04051810241324
12.038606763855048
15.892406110977323
242.86110594372929
10.22989607906561
14.149375982299894
4.077154025647937
64.20879055557086
3.4759988000641493
11.305271406057635
6.9467891556535095
165.33680504426664
4.632628057486883
38.27067635683369
19.83156305108134
3.407745478667588
264.7934900181512
8.66785739912911
3.647522319612179
4.2025274828695185
3.8039222102783237
12.315362965907635
5.350746176860005
30.552023374795922
7.442899586063101
97.38397384442152
10.652288151894334
256.0004357715358
10.441040980111692
13.701575904570198
3.9594253314631858
267.7906894267919
6.701776895013828
145.94902598527338
4.796133419847838
43.2469372611542
5.04587484347752
21.29621383960349
3.380500242281384
11.5369894417265
9.58397789593182
18.596365158689622
3.3531774090268716
3.3531774090268716
8.903484708400425
8.678876924402621
9.802329739460172
264.2120253251146
3.8487785201480933
15.231324900259885
23.038455783434184
5.556152683027836
84.71745949865497
8.185292672238957
5.477881731690492
128.02317809204231
12.61467710131927
4.661850999489959
3.557839083569766
17.54957026439993
9.134754387291066
266.46267478773615
13.301779942075633
7.194217279462662
10.865298071403426
3.325750570181199
206.22289517224473
6.460414227875811
49.133389208784706
4.336389270114046
10.01739607328657
267.67505778078345
3.7447438255847483
14.655374454256824
8.428364016836268
34.07722061174206
12.941793807896591
4.326550257631563
25.115654301383458
5.770761066509574
73.70528981397096
7.9394502533403815
3.6162307638744537
225.76701626409496
3.4771152292180014
16.657649291397792
9.361517661229206
265.1921205824471
185.69481292782518
6.224005730796306
56.07043286770793
4.479521365803378
11.780372417663353
4.970398333694332
11.082293704570588
3.3067120177293994
5.155346920366383
27.59438674664422
7.691654628516002
111.80712041970683
5.993743771266414
4.04051810241324
12.038606763855048
15.892406110977323
242.86110594372929
10.22989607906561
14.149375982299894
4.077154025647937
64.20879055557086
3.4759988000641493
11.305271406057635
6.9467891556535095
165.33680504426664
4.632628057486883
38.27067635683369
19.83156305108134
3.407745478667588
264.7934900181512
8.66785739912911
3.647522319612179
4.2025274828695185
3.8039222102783237
12.315362965907635
5.350746176860005
30.552023374795922
7.442899586063101
97.38397384442152
10.652288151894334
256.0004357715358
10.441040980111692
13.701575904570198
3.9594253314631858
267.7906894267919
6.701776895013828
145.94902598527338
4.796133419847838
43.2469372611542
5.04587484347752
21.29621383960349
3.380500242281384
11.5369894417265
9.58397789593182
18.596365158689622
3.3531774090268716
3.3531774090268716
8.903484708400425
8.678876924402621
9.802329739460172
264.2120253251146
3.8487785201480933
15.231324900259885
23.038455783434184
5.556152683027836
84.71745949865497
8.185292672238957
5.477881731690492
128.02317809204231
12.61467710131927
4.661850999489959
3.557839083569766
17.54957026439993
9.134754387291066
266.46267478773615
13.301779942075633
7.194217279462662
10.865298071403426
3.325750570181199
206.22289517224473
6.460414227875811
49.133389208784706
4.336389270114046
10.01739607328657
267.67505778078345
3.7447438255847483
14.655374454256824
8.428364016836268
34.07722061174206
12.941793807896591
4.326550257631563
25.115654301383458
5.770761066509574
73.70528981397096
7.9394502533403815
3.6162307638744537
225.76701626409496
3.4771152292180014
16.657649291397792
9.361517661229206
265.1921205824471
185.69481292782518
6.224005730796306
56.07043286770793
4.479521365803378
11.780372417663353
4.970398333694332
11.082293704570588
3.3067120177293994
5.155346920366383
27.59438674664422
7.691654628516002
111.80712041970683
5.993743771266414
4.04051810241324
12.038606763855048
15.892406110977323
242.86110594372929
10.22989607906561
14.149375982299894
4.077154025647937
64.20879055557086
3.4759988000641493
11.305271406057635
6.9467891556535095
165.33680504426664
4.632628057486883
38.27067635683369
19.83156305108134
3.407745478667588
264.7934900181512
8.66785739912911
3.647522319612179
4.2025274828695185
3.8039222102783237
12.315362965907635
5.350746176860005
30.552023374795922
7.442899586063101
97.38397384442152
10.652288151894334
256.0004357715358
10.441040980111692
13.701575904570198
3.9594253314631858
267.7906894267919
6.701776895013828
145.94902598527338
4.796133419847838
43.2469372611542
5.04587484347752
21.29621383960349
3.380500242281384
11.5369894417265
9.58397789593182
18.596365158689622
3.3531774090268716
3.3531774090268716
8.903484708400425
21.788693972345186
15.57971134009473
145.18371924519553
6.402743353634974
34.17031417092197
62.75109966124063
7.769218871881297
157.33433869539147
11.748302707705259
6.921407229184627
174.75888456476784
24.120006097134354
5.5752206773047845
5.684148894311069
43.40661417866696
13.90292123264575
139.74909269996323
26.60185331403671
9.815932139615953
18.527169694384884
3.8934501730488
165.25379347931488
8.678688103864541
119.88631544035202
7.03675650529012
16.14871630494667
142.63846741688866
6.187362299594856
31.856980766827306
12.27403894520787
92.05995773069829
25.281356051101035
5.00068753130299
69.10448158409724
7.933648864660157
148.7089004305218
11.235710960501459
3.826529953047624
159.06630016975305
5.398416673608262
39.899380964224605
14.457345080131766
139.14241824355966
170.90355343186667
8.38478857052768
129.6780550289966
7.148234848400036
21.32785374154294
7.429962527115258
19.168816531381125
4.151587841205752
7.526119817059149
76.1125710067715
10.739720349385333
170.83613736262714
8.137117668647244
4.505090956733255
22.16582409653747
36.836012043151264
153.37555365117942
16.724839860060257
29.852204485131395
6.762316327286108
139.37890403702954
3.6960019676987788
19.84268342839249
9.398393477461521
174.8128467359775
7.247584671139278
100.9134003107143
51.932772011014755
5.093725392906936
138.66242445376022
12.809758114343527
5.9476875568653504
6.909092438173582
4.105473132453753
23.089604955754982
7.636303824084348
83.7734118767658
10.26485316879793
164.86274399457218
17.909816237680417
148.71492436008862
17.310727465842138
28.11370836936073
6.594068477623892
140.87626513851367
9.017654958075054
176.16675207391495
7.339458063660458
110.23580161393738
6.2178234513193615
57.03662953925854
3.725921914714939
20.55832463411237
15.01619437815529
47.403040378293056
4.7760607006714295
4.7760607006714295
13.353307811091321
17.500962260812557
15.617646838425419
142.77294104954623
6.420167546982201
34.129585135982914
62.823092737858794
7.7098396889348955
157.2774368059951
11.740032592624647
7.241872646743309
174.29610485845913
24.09450892342303
5.733347095333117
5.68557394640654
43.39746091390288
13.928088568956577
136.63648611508333
26.56278880478321
9.768511922355138
18.55670931672614
3.8107675012983595
163.89016518569179
8.612331287651566
120.03455397245146
7.040785542365679
16.187973707369867
139.98533546941346
6.202183971849095
31.812420465373282
12.275373521851947
92.21044905245267
25.248399485170708
5.089608898555976
69.19942010421245
7.868807974238152
148.73375330071661
11.217424013053774
3.7686905705738596
157.43780349118128
5.38904712322678
39.876336222776274
14.488166805606205
135.8089731397005
169.79421175659854
8.316360261149601
129.8023265608851
7.144257271963733
21.328269267142275
7.396777463304213
19.192504454806883
4.081355121256131
7.483113287937548
76.22927189320133
10.711316174522466
170.53712539679663
8.069191583691579
4.533876292074848
22.15743712179801
36.80242167301664
151.47964270214962
16.7638900880825
29.806893652835413
6.777360266818005
139.46307461163917
3.6158073496862118
19.85942084895067
9.342930713759737
173.94136514640962
7.234436669011531
101.07230243321467
51.96025992217884
5.07106193863969
135.1116125963901
12.820008882867434
5.957195238270566
6.919571726630078
4.084650863754897
23.072445677855256
7.584375776402756
83.90920042643788
10.226601758594018
164.69867323886447
17.94394136015444
146.5567966081886
17.34805229015462
28.070372484099945
6.611505642765031
137.98980550599583
8.955735138142265
175.5121771211729
7.3164066022112
110.39472669373673
6.453314051165228
57.085786217595356
3.6383719674124473
20.567217851808763
15.0512989858695
47.41087730214147
4.738084283667858
4.738084283667858
13.371566132724627
17.509522766295866
15.617646838425419
142.77294104954623
6.420167546982201
34.129585135982914
62.823092737858794
7.7098396889348955
157.2774368059951
11.740032592624647
7.241872646743309
174.29610485845913
24.09450892342303
5.733347095333117
5.68557394640654
43.39746091390288
13.928088568956577
136.63648611508333
26.56278880478321
9.768511922355138
18.55670931672614
3.8107675012983595
163.89016518569179
8.612331287651566
120.03455397245146
7.040785542365679
16.187973707369867
139.98533546941346
6.202183971849095
31.812420465373282
12.275373521851947
92.21044905245267
25.248399485170708
5.089608898555976
69.19942010421245
7.868807974238152
148.73375330071661
11.217424013053774
3.7686905705738596
157.43780349118128
5.38904712322678
39.876336222776274
14.488166805606205
135.8089731397005
169.79421175659854
8.316360261149601
129.8023265608851
7.144257271963733
21.328269267142275
7.396777463304213
19.192504454806883
4.081355121256131
7.483113287937548
76.22927189320133
10.711316174522466
170.53712539679663
8.069191583691579
4.533876292074848
22.15743712179801
36.80242167301664
151.47964270214962
16.7638900880825
29.806893652835413
6.777360266818005
139.46307461163917
3.6158073496862118
19.85942084895067
9.342930713759737
173.94136514640962
7.234436669011531
101.07230243321467
51.96025992217884
5.07106193863969
135.1116125963901
12.820008882867434
5.957195238270566
6.919571726630078
4.084650863754897
23.072445677855256
7.584375776402756
83.90920042643788
10.226601758594018
164.69867323886447
17.94394136015444
146.5567966081886
17.34805229015462
28.070372484099945
6.611505642765031
137.98980550599583
8.955735138142265
175.5121771211729
7.3164066022112
110.39472669373673
6.453314051165228
57.085786217595356
3.6383719674124473
20.567217851808763
15.0512989858695
47.41087730214147
4.738084283667858
4.738084283667858
13.371566132724627
17.509522766295866
15.617646838425419
142.77294104954623
6.420167546982201
34.129585135982914
62.823092737858794
7.7098396889348955
157.2774368059951
11.740032592624647
7.241872646743309
174.29610485845913
24.09450892342303
5.733347095333117
5.68557394640654
43.39746091390288
13.928088568956577
136.63648611508333
26.56278880478321
9.768511922355138
18.55670931672614
3.8107675012983595
163.89016518569179
8.612331287651566
120.03455397245146
7.040785542365679
16.187973707369867
139.98533546941346
6.202183971849095
31.812420465373282
12.275373521851947
92.21044905245267
25.248399485170708
5.089608898555976
69.19942010421245
7.868807974238152
148.73375330071661
11.217424013053774
3.7686905705738596
157.43780349118128
5.38904712322678
39.876336222776274
14.488166805606205
135.8089731397005
169.79421175659854
8.316360261149601
129.8023265608851
7.144257271963733
21.328269267142275
7.396777463304213
19.192504454806883
4.081355121256131
7.483113287937548
76.22927189320133
10.711316174522466
170.53712539679663
8.069191583691579
4.533876292074848
22.15743712179801
36.80242167301664
151.47964270214962
16.7638900880825
29.806893652835413
6.777360266818005
139.46307461163917
3.6158073496862118
19.85942084895067
9.342930713759737
173.94136514640962
7.234436669011531
101.07230243321467
51.96025992217884
5.07106193863969
135.1116125963901
12.820008882867434
5.957195238270566
6.919571726630078
4.084650863754897
23.072445677855256
7.584375776402756
83.90920042643788
10.226601758594018
164.69867323886447
17.94394136015444
146.5567966081886
17.34805229015462
28.070372484099945
6.611505642765031
137.98980550599583
8.955735138142265
175.5121771211729
7.3164066022112
110.39472669373673
6.453314051165228
57.085786217595356
3.6383719674124473
20.567217851808763
15.0512989858695
47.41087730214147
4.738084283667858
4.738084283667858
13.371566132724627
13.031132417911264
15.617646838425419
142.77294104954623
6.420167546982201
34.129585135982914
62.823092737858794
7.7098396889348955
157.2774368059951
11.740032592624647
7.241872646743309
174.29610485845913
24.09450892342303
5.733347095333117
5.68557394640654
43.39746091390288
13.928088568956577
136.63648611508333
26.56278880478321
9.768511922355138
18.55670931672614
3.8107675012983595
163.89016518569179
8.612331287651566
120.03455397245146
7.040785542365679
16.187973707369867
139.98533546941346
6.202183971849095
31.812420465373282
12.275373521851947
92.21044905245267
25.248399485170708
5.089608898555976
69.19942010421245
7.868807974238152
148.73375330071661
11.217424013053774
3.7686905705738596
157.43780349118128
5.38904712322678
39.876336222776274
14.488166805606205
135.8089731397005
169.79421175659854
8.316360261149601
129.8023265608851
7.144257271963733
21.328269267142275
7.396777463304213
19.192504454806883
4.081355121256131
7.483113287937548
76.22927189320133
10.711316174522466
170.53712539679663
8.069191583691579
4.533876292074848
22.15743712179801
36.80242167301664
151.47964270214962
16.7638900880825
29.806893652835413
6.777360266818005
139.46307461163917
3.6158073496862118
19.85942084895067
9.342930713759737
173.94136514640962
7.234436669011531
101.07230243321467
51.96025992217884
5.07106193863969
135.1116125963901
12.820008882867434
5.957195238270566
6.919571726630078
4.084650863754897
23.072445677855256
7.584375776402756
83.90920042643788
10.226601758594018
164.69867323886447
17.94394136015444
146.5567966081886
17.34805229015462
28.070372484099945
6.611505642765031
137.98980550599583
8.955735138142265
175.5121771211729
7.3164066022112
110.39472669373673
6.453314051165228
57.085786217595356
3.6383719674124473
20.567217851808763
15.0512989858695
47.41087730214147
4.738084283667858
4.738084283667858
13.371566132724627
50.26208062810409
16.3980919379961
16.108989287308567
144.48378387705404
31.4045300670168
36.41074872450958
66.1140461105224
11.59329978891971
161.20322596087394
23.609675779049482
18.99963800724849
177.71991016166248
67.39336400217472
14.544622707191564
5.214509458034158
46.10050425350008
14.223791346231094
138.69261363190807
28.333770765919624
9.640060453259423
19.42813268363825
13.101301999357785
166.334597195615
34.69109600506204
124.07786036233148
34.42769113391582
16.74952476883726
141.6121245213276
30.063542288847675
33.960502482318034
12.39590773637645
96.0163682299962
26.903930128162422
15.436896117561638
72.63103186395708
11.774475301459777
152.74370307402404
21.66203029748565
13.192431795856377
159.65909517794944
28.1614781902167
42.43588778044481
14.846916836261853
137.00518482626578
172.48164442537865
34.48588747457184
133.8691128737776
34.71736413264796
22.561457651735527
6.908280186636041
20.149204253738084
13.432862755715313
7.023676027255057
79.79765368280907
19.860187367860988
174.16891469279176
34.39960338482956
14.508455549979004
23.48946524514281
39.22090358863934
153.54304382169414
45.47191187793621
31.82373760478363
13.726055804993937
143.5231546883577
20.024249614834915
20.90438071327148
9.170134139814413
176.8879870474204
34.91818190736078
104.98452111340615
54.95851059666043
14.341261999379043
139.2129557847323
27.888682879469055
14.493840023438512
6.363729272968517
3.8334964949574615
24.50812911530901
7.155078742449753
87.60636002774072
18.21128486395072
168.49595949229294
50.662759515937196
148.4388186057922
48.08682397913922
29.961835471638114
14.001533228970457
139.64974296105143
35.012332096883085
178.70899328823697
34.97071027985106
114.38017950315337
36.87915435409919
60.2323244841142
13.202798046591077
21.70419887970083
15.475302663213274
50.26208062810409
14.101956568847607
14.101956568847607
13.60700351491652
45.164970682261654
45.164970682261654
45.164970682261654
45.164970682261654
46192.550801343124
3244.824231597041
3267.091035047475
69.37118732632545
565.7075015926015
6050.051244770193
40.04673085269868
2704.6999344290216
4450.51941774374
38.98514875136865
7527.170344022121
267.9560971398154
95.14762175871353
7730.636342676549
1692.4043987336383
89.49304737620383
55.07229152803885
3380.388169381283
412.9203849862208
5426.024218084987
594.1354728563302
565.7075015926015
6050.051244770193
805.5960554822892
2704.6999344290216
4450.51941774374
1145.9596854757244
7527.170344022121
1569.343503226812
307.9290833217552
7730.636342676549
1692.4043987336383
354.0949632303369
55.07229152803885
3380.388169381283
412.9203849862208
5426.024218084987
1992.626180870444
150.33858062623975
922.6610524497405
75.79731506495814
7097.069417415896
1297.0504501184503
6583.629881315223
933.9740822990042
629.4950231806504
5635.406284458488
766.6833597958001
2511.5316257664163
298.60354643438154
5658.895517266908
1838.0941283738168
368.41705154086543
4748.095761152318
1183.3943680520933
7335.235406166056
1538.4310111222035
447.96960611790803
6827.370425415232
1096.9994952333261
3142.4641550338033
457.2761939007596
5692.1295974864115
7369.445012495111
1265.9777949185202
6862.233960232519
962.6519436939105
1317.4290845603844
8.347308891811984
1018.3218253683101
73.88223508728916
17.335154872061448
5035.280255578061
1492.697514006555
7731.053008385975
1237.8394144330646
384.68773291904137
1435.2229941551532
2920.3578040752946
6453.9437657762965
693.3547700950885
2327.1841182602716
865.8942565309113
7108.134866759799
908.0418744516179
1101.2429689998346
131.6059615249521
7564.871688027189
997.6262119221565
5978.294395834563
3879.576961045682
655.0269528486374
4378.590177923219
331.6769877862241
51.91940322073532
26.32812541868391
86.25525225631883
1559.1566081875594
28.643832260424773
5341.965579916441
1444.0564185572582
7660.3795811212185
842.8220456598378
6287.573742597901
771.3491528029588
2158.4275646050514
838.977099943148
5235.940523844749
1338.9818917486812
7676.90493853728
1016.6428729559839
6273.156483373648
782.9773877231971
4157.191560422302
490.24613757727406
1213.34477445387
513.2607872493038
3622.9079067428634
619.4063136656446
619.4063136656446
378.04592705329264
3622.9079067428634
3622.9079067428634
3622.9079067428634
3622.9079067428634
594.1354728563302
565.7075015926015
6050.051244770193
805.5960554822892
2704.6999344290216
4450.51941774374
1145.9596854757244
7527.170344022121
1569.343503226812
307.9290833217552
7730.636342676549
1692.4043987336383
354.0949632303369
55.07229152803885
3380.388169381283
412.9203849862208
5426.024218084987
1992.626180870444
150.33858062623975
922.6610524497405
75.79731506495814
7097.069417415896
1297.0504501184503
6583.629881315223
933.9740822990042
629.4950231806504
5635.406284458488
766.6833597958001
2511.5316257664163
298.60354643438154
5658.895517266908
1838.0941283738168
368.41705154086543
4748.095761152318
1183.3943680520933
7335.235406166056
1538.4310111222035
447.96960611790803
6827.370425415232
1096.9994952333261
3142.4641550338033
457.2761939007596
5692.1295974864115
7369.445012495111
1265.9777949185202
6862.233960232519
962.6519436939105
1317.4290845603844
8.347308891811984
1018.3218253683101
73.88223508728916
17.335154872061448
5035.280255578061
1492.697514006555
7731.053008385975
1237.8394144330646
384.68773291904137
1435.2229941551532
2920.3578040752946
6453.9437657762965
693.3547700950885
2327.1841182602716
865.8942565309113
7108.134866759799
908.0418744516179
1101.2429689998346
131.6059615249521
7564.871688027189
997.6262119221565
5978.294395834563
3879.576961045682
655.0269528486374
4378.590177923219
331.6769877862241
51.91940322073532
26.32812541868391
86.25525225631883
1559.1566081875594
28.643832260424773
5341.965579916441
1444.0564185572582
7660.3795811212185
842.8220456598378
6287.573742597901
771.3491528029588
2158.4275646050514
838.977099943148
5235.940523844749
1338.9818917486812
7676.90493853728
1016.6428729559839
6273.156483373648
782.9773877231971
4157.191560422302
490.24613757727406
1213.34477445387
513.2607872493038
3622.9079067428634
619.4063136656446
619.4063136656446
378.04592705329264
594.1354728563302
565.7075015926015
6050.051244770193
805.5960554822892
2704.6999344290216
4450.51941774374
1145.9596854757244
7527.170344022121
1569.343503226812
307.9290833217552
7730.636342676549
1692.4043987336383
354.0949632303369
55.07229152803885
3380.388169381283
412.9203849862208
5426.024218084987
1992.626180870444
150.33858062623975
922.6610524497405
75.79731506495814
7097.069417415896
1297.0504501184503
6583.629881315223
933.9740822990042
629.4950231806504
5635.406284458488
766.6833597958001
2511.5316257664163
298.60354643438154
5658.895517266908
1838.0941283738168
368.41705154086543
4748.095761152318
1183.3943680520933
7335.235406166056
1538.4310111222035
447.96960611790803
6827.370425415232
1096.9994952333261
3142.4641550338033
457.2761939007596
5692.1295974864115
7369.445012495111
1265.9777949185202
6862.233960232519
962.6519436939105
1317.4290845603844
8.347308891811984
1018.3218253683101
73.88223508728916
17.335154872061448
5035.280255578061
1492.697514006555
7731.053008385975
1237.8394144330646
384.68773291904137
1435.2229941551532
2920.3578040752946
6453.9437657762965
693.3547700950885
2327.1841182602716
865.8942565309113
7108.134866759799
908.0418744516179
1101.2429689998346
131.6059615249521
7564.871688027189
997.6262119221565
5978.294395834563
3879.576961045682
655.0269528486374
4378.590177923219
331.6769877862241
51.91940322073532
26.32812541868391
86.25525225631883
1559.1566081875594
28.643832260424773
5341.965579916441
1444.0564185572582
7660.3795811212185
842.8220456598378
6287.573742597901
771.3491528029588
2158.4275646050514
838.977099943148
5235.940523844749
1338.9818917486812
7676.90493853728
1016.6428729559839
6273.156483373648
782.9773877231971
4157.191560422302
490.24613757727406
1213.34477445387
513.2607872493038
3622.9079067428634
619.4063136656446
619.4063136656446
378.04592705329264
594.1354728563302
565.7075015926015
6050.051244770193
805.5960554822892
2704.6999344290216
4450.51941774374
1145.9596854757244
7527.170344022121
1569.343503226812
307.9290833217552
7730.636342676549
1692.4043987336383
354.0949632303369
55.07229152803885
3380.388169381283
412.9203849862208
5426.024218084987
1992.626180870444
150.33858062623975
922.6610524497405
75.79731506495814
7097.069417415896
1297.0504501184503
6583.629881315223
933.9740822990042
629.4950231806504
5635.406284458488
766.6833597958001
2511.5316257664163
298.60354643438154
5658.895517266908
1838.0941283738168
368.41705154086543
4748.095761152318
1183.3943680520933
7335.235406166056
1538.4310111222035
447.96960611790803
6827.370425415232
1096.9994952333261
3142.4641550338033
457.2761939007596
5692.1295974864115
7369.445012495111
1265.9777949185202
6862.233960232519
962.6519436939105
1317.4290845603844
8.347308891811984
1018.3218253683101
73.88223508728916
17.335154872061448
5035.280255578061
1492.697514006555
7731.053008385975
1237.8394144330646
384.68773291904137
1435.2229941551532
2920.3578040752946
6453.9437657762965
693.3547700950885
2327.1841182602716
865.8942565309113
7108.134866759799
908.0418744516179
1101.2429689998346
131.6059615249521
7564.871688027189
997.6262119221565
5978.294395834563
3879.576961045682
655.0269528486374
4378.590177923219
331.6769877862241
51.91940322073532
26.32812541868391
86.25525225631883
1559.1566081875594
28.643832260424773
5341.965579916441
1444.0564185572582
7660.3795811212185
842.8220456598378
6287.573742597901
771.3491528029588
2158.4275646050514
838.977099943148
5235.940523844749
1338.9818917486812
7676.90493853728
1016.6428729559839
6273.156483373648
782.9773877231971
4157.191560422302
490.24613757727406
1213.34477445387
513.2607872493038
3622.9079067428634
619.4063136656446
619.4063136656446
378.04592705329264
3495.1953125
3495.1953125
3495.1953125
3495.1953125
3495.1953125
3495.1953125
3495.1953125
3495.1953125
3495.1953125
3495.1953125
3495.1953125
3495.1953125
3495.1953125
3495.1953125
3495.1953125
594.1354728563302
565.7075015926015
6050.051244770193
805.5960554822892
2704.6999344290216
4450.51941774374
1145.9596854757244
7527.170344022121
1569.343503226812
307.9290833217552
7730.636342676549
1692.4043987336383
354.0949632303369
55.07229152803885
3380.388169381283
412.9203849862208
5426.024218084987
1992.626180870444
150.33858062623975
922.6610524497405
75.79731506495814
7097.069417415896
1297.0504501184503
6583.629881315223
933.9740822990042
629.4950231806504
5635.406284458488
766.6833597958001
2511.5316257664163
298.60354643438154
5658.895517266908
1838.0941283738168
368.41705154086543
4748.095761152318
1183.3943680520933
7335.235406166056
1538.4310111222035
447.96960611790803
6827.370425415232
1096.9994952333261
3142.4641550338033
457.2761939007596
5692.1295974864115
7369.445012495111
1265.9777949185202
6862.233960232519
962.6519436939105
1317.4290845603844
8.347308891811984
1018.3218253683101
73.88223508728916
17.335154872061448
5035.280255578061
1492.697514006555
7731.053008385975
1237.8394144330646
384.68773291904137
1435.2229941551532
2920.3578040752946
6453.9437657762965
693.3547700950885
2327.1841182602716
865.8942565309113
7108.134866759799
908.0418744516179
1101.2429689998346
131.6059615249521
7564.871688027189
997.6262119221565
5978.294395834563
3879.576961045682
655.0269528486374
4378.590177923219
331.6769877862241
51.91940322073532
26.32812541868391
86.25525225631883
1559.1566081875594
28.643832260424773
5341.965579916441
1444.0564185572582
7660.3795811212185
2169.713539247102
6287.573742597901
771.3491528029588
2158.4275646050514
838.977099943148
5235.940523844749
1338.9818917486812
7676.90493853728
1016.6428729559839
6273.156483373648
782.9773877231971
4157.191560422302
490.24613757727406
1213.34477445387
513.2607872493038
3622.9079067428634
619.4063136656446
619.4063136656446
378.04592705329264
594.1354728563302
565.7075015926015
6050.051244770193
805.5960554822892
2704.6999344290216
4450.51941774374
1145.9596854757244
7527.170344022121
1569.343503226812
307.9290833217552
7730.636342676549
1692.4043987336383
354.0949632303369
55.07229152803885
3380.388169381283
412.9203849862208
5426.024218084987
1992.626180870444
150.33858062623975
922.6610524497405
75.79731506495814
7097.069417415896
1297.0504501184503
6583.629881315223
933.9740822990042
629.4950231806504
5635.406284458488
766.6833597958001
2511.5316257664163
298.60354643438154
5658.895517266908
1838.0941283738168
368.41705154086543
4748.095761152318
1183.3943680520933
7335.235406166056
1538.4310111222035
447.96960611790803
6827.370425415232
1096.9994952333261
3142.4641550338033
457.2761939007596
5692.1295974864115
7369.445012495111
1265.9777949185202
6862.233960232519
962.6519436939105
1317.4290845603844
8.347308891811984
1018.3218253683101
73.88223508728916
17.335154872061448
5035.280255578061
1492.697514006555
7731.053008385975
1237.8394144330646
384.68773291904137
1435.2229941551532
2920.3578040752946
6453.9437657762965
693.3547700950885
2327.1841182602716
865.8942565309113
7108.134866759799
908.0418744516179
1101.2429689998346
131.6059615249521
7564.871688027189
997.6262119221565
5978.294395834563
3879.576961045682
655.0269528486374
4378.590177923219
331.6769877862241
51.91940322073532
26.32812541868391
86.25525225631883
1559.1566081875594
28.643832260424773
5341.965579916441
1444.0564185572582
7660.3795811212185
2169.713539247102
6287.573742597901
771.3491528029588
2158.4275646050514
838.977099943148
5235.940523844749
1338.9818917486812
7676.90493853728
1016.6428729559839
6273.156483373648
782.9773877231971
4157.191560422302
490.24613757727406
1213.34477445387
513.2607872493038
3622.9079067428634
619.4063136656446
619.4063136656446
378.04592705329264
3495.1953125
3495.1953125
3495.1953125
3495.1953125
594.1354728563302
565.7075015926015
6050.051244770193
805.5960554822892
2704.6999344290216
4450.51941774374
1145.9596854757244
7527.170344022121
1569.343503226812
307.9290833217552
7730.636342676549
1692.4043987336383
354.0949632303369
55.07229152803885
3380.388169381283
412.9203849862208
5426.024218084987
1992.626180870444
150.33858062623975
922.6610524497405
75.79731506495814
7097.069417415896
1297.0504501184503
6583.629881315223
933.9740822990042
629.4950231806504
5635.406284458488
766.6833597958001
2511.5316257664163
298.60354643438154
5658.895517266908
1838.0941283738168
368.41705154086543
4748.095761152318
1183.3943680520933
7335.235406166056
1538.4310111222035
447.96960611790803
6827.370425415232
1096.9994952333261
3142.4641550338033
457.2761939007596
5692.1295974864115
7369.445012495111
1265.9777949185202
6862.233960232519
962.6519436939105
1317.4290845603844
8.347308891811984
1018.3218253683101
73.88223508728916
17.335154872061448
5035.280255578061
1492.697514006555
7731.053008385975
1237.8394144330646
384.68773291904137
1435.2229941551532
2920.3578040752946
6453.9437657762965
693.3547700950885
2327.1841182602716
865.8942565309113
7108.134866759799
908.0418744516179
1101.2429689998346
131.6059615249521
7564.871688027189
997.6262119221565
5978.294395834563
3879.576961045682
655.0269528486374
4378.590177923219
331.6769877862241
51.91940322073532
26.32812541868391
86.25525225631883
1559.1566081875594
28.643832260424773
5341.965579916441
1444.0564185572582
7660.3795811212185
2169.713539247102
6287.573742597901
771.3491528029588
2158.4275646050514
838.977099943148
5235.940523844749
1338.9818917486812
7676.90493853728
1016.6428729559839
6273.156483373648
782.9773877231971
4157.191560422302
490.24613757727406
1213.34477445387
513.2607872493038
3622.9079067428634
619.4063136656446
619.4063136656446
378.04592705329264
108.63960826387463
72.83853753051118
554.5384107838591
96.5222268415973
279.7802620502249
472.394646849056
125.24997163889857
799.0337019871314
180.0862398141545
67.38013849184709
782.9151757862439
177.10870036841789
67.18305998988606
16.168197025593003
351.78387617609883
58.64477314373124
517.1075523919675
206.013344965931
33.756771474480615
105.04413997341237
75.14911121654069
658.4163552147484
140.93375145642932
714.4068327923054
172.5564558947512
78.33540611666136
538.9461917266385
94.16840541763806
259.08548509903807
47.37118302896484
613.1323877937259
190.97166898619818
67.41352426983399
506.3878881062203
128.7273980433689
786.8464175612693
173.58454863329393
69.70919883565423
625.8375684820459
145.28255113544333
326.0100292608824
63.01052636150405
507.05275142378343
693.3573875110357
136.60632752477457
743.2108452835295
174.79099905074347
141.3896034567455
20.7720394854247
113.08117919140712
77.51233061147421
21.45231470355961
541.5064407546819
167.49859259709297
797.8348115400536
132.48047843175559
67.90648130193723
152.33518241313928
302.04729408359
597.5231511330969
246.058179680847
240.02833200830125
101.11659672147357
767.7567087536295
117.11173119785406
121.785276286594
31.68403408998484
727.8646323883622
177.14031406617238
648.6253937125009
408.73087668401286
84.83120177936365
513.5822148337119
193.6397669536625
91.87754481584231
18.310651098366144
15.14799845683963
164.23332220839603
22.245868104387757
577.2928420489562
161.57905768987465
803.0402652230962
261.5105208937034
573.8750908087602
90.6673137244795
222.36333908940074
98.82877079715084
527.1605145171654
145.72995417858738
758.8929267143257
179.03800406611185
682.4667187940421
112.57370270527105
439.7381802974999
120.05708619360243
131.21807814475707
67.75181612197522
379.33146527067714
82.38055967655987
82.38055967655987
54.60617131460679
108.63960826387463
72.83853753051118
554.5384107838591
96.5222268415973
279.7802620502249
472.394646849056
125.24997163889857
799.0337019871314
180.0862398141545
67.38013849184709
782.9151757862439
177.10870036841789
67.18305998988606
16.168197025593003
351.78387617609883
58.64477314373124
517.1075523919675
206.013344965931
33.756771474480615
105.04413997341237
75.14911121654069
658.4163552147484
140.93375145642932
714.4068327923054
172.5564558947512
78.33540611666136
538.9461917266385
94.16840541763806
259.08548509903807
47.37118302896484
613.1323877937259
190.97166898619818
67.41352426983399
506.3878881062203
128.7273980433689
786.8464175612693
173.58454863329393
69.70919883565423
625.8375684820459
145.28255113544333
326.0100292608824
63.01052636150405
507.05275142378343
693.3573875110357
136.60632752477457
743.2108452835295
174.79099905074347
141.3896034567455
20.7720394854247
113.08117919140712
77.51233061147421
21.45231470355961
541.5064407546819
167.49859259709297
797.8348115400536
132.48047843175559
67.90648130193723
152.33518241313928
302.04729408359
597.5231511330969
246.058179680847
240.02833200830125
101.11659672147357
767.7567087536295
117.11173119785406
121.785276286594
31.68403408998484
727.8646323883622
177.14031406617238
648.6253937125009
408.73087668401286
84.83120177936365
513.5822148337119
193.6397669536625
91.87754481584231
18.310651098366144
15.14799845683963
164.23332220839603
22.245868104387757
577.2928420489562
161.57905768987465
803.0402652230962
261.5105208937034
573.8750908087602
90.6673137244795
222.36333908940074
98.82877079715084
527.1605145171654
145.72995417858738
758.8929267143257
179.03800406611185
682.4667187940421
112.57370270527105
439.7381802974999
120.05708619360243
131.21807814475707
67.75181612197522
379.33146527067714
82.38055967655987
82.38055967655987
54.60617131460679
108.82754231498069
73.14311177746794
558.4988822213376
97.08179563757876
281.2721790699061
474.3031692766473
126.18638645605222
800.4527750415164
180.8660885048182
67.64975272996782
784.3377295543974
178.08534490928037
67.44826433938921
16.196060510248184
353.49439463616324
58.85907335197551
521.1783180530024
207.1595758305638
33.84254854846619
105.55885861751717
75.47287719974416
661.226554295214
141.89831044679067
716.1421468368019
172.76180520883122
78.67561071513101
542.9570018766649
94.69312073314666
260.494179038854
47.51853698391712
615.0549442809566
192.0316418514257
67.68090751686829
508.3232030995918
129.68337054737276
788.3279531840841
174.4000334579502
70.01179056902798
629.1445529495846
145.56517187923487
327.6536255183019
63.252255294633734
511.15690073897343
695.6318787530633
137.57680795186693
744.8582047412093
175.01696639994162
142.14105543640733
20.799237181591813
113.64863190868864
77.84046856353154
21.485758242189586
543.455076191435
168.34731381319372
799.2085082461047
133.44814230538898
68.18056218820377
153.1571556558932
303.6178382211389
601.1816608716974
246.44599702240737
241.35054069843537
101.75039509229681
769.3166593633918
117.78399505007758
122.40961729484187
31.764114913797343
729.7034223470464
177.38978975384936
650.5041467996595
410.55559005523605
85.21931360373685
517.734842754667
194.34146379696898
92.36553760198176
18.325585821584735
15.242161945337308
165.13044365438904
22.28654228241645
579.2381742704202
162.45847142521242
804.4197389272135
261.82600314273236
577.7348297492518
91.08796485223084
223.59748677226062
99.42557328868332
531.203395736957
146.68096242700113
760.455205148551
179.3133754621023
684.2816532857526
113.38805264976357
441.6091672609666
120.68153133060031
131.90368311220982
68.02360569615824
381.10246936586003
82.74200872877823
82.74200872877823
54.79562093934974
54.79562093934974
54.79562093934974
54.79562093934974
54.79562093934974
558.4988822213376
558.4988822213376
601.1816608716974
579.2381742704202
579.2381742704204
108.83328251571015
73.13140928221559
558.6726074820192
97.06109251307736
281.20123030015804
474.1573637838318
126.15536830858552
800.3036853819126
180.81154583407337
67.63679292231271
784.3168359375672
178.0476675242889
67.4350655149315
16.194499610718005
353.3965181056799
58.85031207736345
521.3161542929165
207.11325744558707
33.83867199067366
105.53999546065779
75.45775888025989
661.3935345857274
141.86069250468083
715.9361237167577
172.70634583275486
78.66273651189412
543.1191535702873
94.6730962084224
260.43048735752996
47.51203328365828
614.8613073011858
191.9898975401486
67.66758726224688
508.1643241409937
129.65090926343234
788.1539118514478
174.34829568166916
69.99791546294125
629.3280162692153
145.51997609461395
327.5656600014634
63.24260247973928
511.28363836307983
695.7674325885172
137.54104484210742
744.6567483682611
174.960729694516
142.11319866842334
20.79742193181809
113.62786571724193
77.82478021615196
21.483879978743705
543.2834132610683
168.29822702859585
799.1362490143769
133.41410930958992
68.1670955845381
153.12639387615377
303.53882785781764
601.3691080096521
246.36542629095106
241.29330229131915
101.72829524345018
769.1255357746418
117.74968453571634
122.38673720968139
31.760622862655598
729.793448380312
177.33277652351327
650.3027258679077
410.43516934374884
85.20179509948336
517.8499371660122
194.2811203081647
92.34615212437043
18.3239136957021
15.240349777591767
165.09641638257526
22.28457458149962
579.0546667661941
162.41195226660213
804.304433548314
261.74094330813614
577.9178577715059
91.07238850898155
223.54601577736074
99.40418071933208
531.3532172931436
146.6413078452597
760.4905043692767
179.25581348357323
684.0759826396363
113.35816175514744
441.4763241754415
120.6459783916588
131.8784438294006
68.01297074412196
380.99376692423624
82.7251164797098
82.7251164797098
54.78767528852033
127.16215902294807
72.9235082740403
561.7392819151635
96.69402012128464
279.9457472452589
471.5847602752926
125.60642110132504
797.6579967128096
179.84890119143358
67.40676108326402
783.9156895633457
177.37967522942324
67.20083168365389
16.16667498960201
351.6667028877503
58.694597371996416
523.7589238310486
206.292507671928
33.76965247438832
105.20511462692507
75.18953397467735
664.306827880779
141.19559471184078
712.2991226430789
171.72852502165384
78.43405022284364
545.986145693153
94.31801981610379
259.3029964793328
47.39638366711832
611.4466651005714
191.2499919659436
67.43121297507726
505.3618952417383
129.07655711161618
785.0721431049051
173.43493807061188
69.75172200828656
632.5417273126617
144.72248846158192
326.0103276374801
63.07106747625131
513.5316441072642
698.1195037558238
136.9085805578925
741.0978295689187
173.96928040937337
141.61899131348244
20.765026891445643
113.25925713669524
77.5464561264015
21.4503599411234
540.2561285774203
167.43145643401314
797.8353103531518
132.81209358130593
67.92813566679996
152.58075933752738
302.1412468830594
604.6629958726239
244.9454802121236
240.2796924808294
101.336548509845
765.7459125393884
117.14374317634568
121.98067275739052
31.698428842712616
731.3404072129396
176.32770721306414
646.7501284190654
408.30878786504593
84.89105792645118
519.8927809419232
193.2165718390642
92.00237655070185
18.294089796110494
15.208099027456432
164.49299401483634
22.24946107484945
575.818803179642
161.59031459982356
802.2498705614697
260.2419238883181
581.142230729379
90.79577896632519
222.63424036099002
99.02492592992523
534.0056202781036
145.9403782958478
761.0749374284356
178.2411238889104
680.4471045769787
112.82957627303186
439.13155849724797
120.01819367532863
131.43058878472658
67.82400947223292
379.07346918170884
82.42546809053135
82.42546809053135
54.646434754470235
87.91040989922317
64.44473043882113
407.6540759908826
87.90780338963764
250.31491544393452
406.6384991432122
119.62543228841241
611.7701459974679
160.4832013417683
57.93827214574053
576.1755807364636
159.5665434926259
58.812477437459016
16.453267086342418
310.8024683148204
51.94154212445389
383.92396919669716
185.6245815596513
31.029137789142162
93.6583793868648
67.72779550364582
472.5843195814961
133.23823460434863
575.6188277956475
139.39443407364203
69.3829787666747
397.6790985051243
85.30422607017678
232.4440349653337
42.27911493035287
510.16682023936687
172.1484911633254
59.580625561783386
432.50913693977657
122.85170660824423
610.6481958557341
156.3567223263743
62.88757184153482
451.63205961967304
122.55449178521313
289.43302175363965
55.769592908846974
375.63917158751724
496.5475463268085
129.69281823211426
591.6006986409158
141.4264987670834
126.96179635388346
20.080910470117374
101.02593563204238
69.59110009493166
20.735398569304245
458.75973201448073
152.2611696240558
594.7004011816884
126.2233622470835
60.482210205630636
137.0119474049504
269.30058465865727
433.8753086509391
74.75167433938401
215.82053071356006
93.11514124187127
603.5459849250732
110.19830406380915
109.01389230520749
29.372051483038316
524.1414905857382
104.26971940039617
534.1779535006879
356.8422474999717
75.80153049656707
385.18325218093315
169.14305637251252
82.85315050930917
17.800920806176485
17.18543916975252
147.8716232266175
21.461168637523517
484.7568084659082
148.23319612002877
606.7143907225637
210.61149031287877
419.8493888682129
80.5352811185158
200.1988287375811
90.43649168084912
390.39666974937614
136.84085110753458
551.8368433547281
107.19961719325487
556.386298218724
106.35204024712957
381.3566547496931
111.576012066369
117.65940660688872
59.93953042269988
333.27575898304326
73.65377289277095
73.65377289277095
48.44154119381838
524.1414905857382
87.91040989922317
64.44473043882113
407.6540759908826
87.90780338963764
250.31491544393452
406.6384991432122
119.62543228841241
611.7701459974679
160.4832013417683
57.93827214574053
576.1755807364636
159.5665434926259
58.812477437459016
16.453267086342418
310.8024683148204
51.94154212445389
383.92396919669716
185.6245815596513
31.029137789142162
93.6583793868648
67.72779550364582
472.5843195814961
133.23823460434863
575.6188277956475
139.39443407364203
69.3829787666747
397.6790985051243
85.30422607017678
232.4440349653337
42.27911493035287
510.16682023936687
172.1484911633254
59.580625561783386
432.50913693977657
122.85170660824423
610.6481958557341
156.3567223263743
62.88757184153482
451.63205961967304
122.55449178521313
289.43302175363965
55.769592908846974
375.63917158751724
496.5475463268085
129.69281823211426
591.6006986409158
141.4264987670834
126.96179635388346
20.080910470117374
101.02593563204238
69.59110009493166
20.735398569304245
458.75973201448073
152.2611696240558
594.7004011816884
126.2233622470835
60.482210205630636
137.0119474049504
269.30058465865727
433.8753086509391
74.75167433938401
215.82053071356006
93.11514124187127
603.5459849250732
110.19830406380915
109.01389230520749
29.372051483038316
524.1414905857382
104.26971940039617
534.1779535006879
356.8422474999717
75.80153049656707
385.18325218093315
169.14305637251252
82.85315050930917
17.800920806176485
17.18543916975252
147.8716232266175
21.461168637523517
484.7568084659082
148.23319612002877
606.7143907225637
210.61149031287877
419.8493888682129
80.5352811185158
200.1988287375811
90.43649168084912
390.39666974937614
136.84085110753458
551.8368433547281
107.19961719325487
556.386298218724
106.35204024712957
381.3566547496931
111.576012066369
117.65940660688872
59.93953042269988
333.27575898304326
73.65377289277095
73.65377289277095
48.44154119381838
