0.005591525433134366
0.00020957314314253136
0.003986096235060178
5.271084113992797e-05
0.014336336171567456
0.0719603474802796
0.0059112607050517815
0.0002132231744903019
0.00036449535821246
0.0002809107590937812
0.0003359501715704529
0.0003651905658815527
9.587449408348235e-05
0.004126165351616299
0.004126165351616299
0.010238267115644874
0.0010694528984570232
0.0029545831979170124
0.00013764709791408154
0.004061642510580807
0.004358079190029157
0.006481570795065562
0.0028824900826356454
8.13199452864243e-05
0.0047573357999178825
0.00016257607180037519
0.0005825884045074222
0.0025302095500159675
0.0026146240589349423
0.0013032328551961046
1.3856001690000008e-05
0.00010179507812596429
0.0010770491745474612
0.0048315797441287915
0.0023310102783777853
8.839182776982908e-05
0.0045590800491065895
0.00023378319596014296
0.003794497812711813
0.007345300449301364
0.001004626795027809
0.0005520168700650128
0.00015448742583742966
0.0001802095522586744
0.00047129890447113507
0.007332474443897525
0.0055655539506450965
0.00019722810771438302
0.004871857644905972
0.0008442334613304001
0.003965270762964366
0.003083926396660214
5.1678741023154204e-05
0.004886313063289764
0.00022090225662114714
0.006027088988049742
0.007845633484041771
0.0020228157776396886
0.00029552352358073325
0.00018485660750654093
0.001172893150997647
0.00035083693708363073
0.009440727265473481
0.004947500792005855
0.013078943766927106
0.00016432928874694674
0.004590576510098381
7.326831203252192e-05
0.0029655550973379345
0.009340860680578603
0.0008577452083457005
0.0057507316161106445
0.009243228634599195
0.0031234296784160838
2.0300118766241364e-05
0.004993211402071005
0.0010380274163073666
0.014331360959618098
0.010267389454860462
0.007029662793391592
0.0003077400804383749
0.005591525433134366
0.00020957314314253136
0.003986096235060178
5.271084113992797e-05
0.014336336171567456
0.0719603474802796
0.0059112607050517815
0.0002132231744903019
0.00036449535821246
0.0002809107590937812
0.0003359501715704529
0.0003651905658815527
9.587449408348235e-05
0.004126165351616299
0.004126165351616299
0.010238267115644874
0.0010694528984570232
0.0029545831979170124
0.00013764709791408154
0.004061642510580807
0.004358079190029157
0.006481570795065562
0.0028824900826356454
8.13199452864243e-05
0.0047573357999178825
0.00016257607180037519
0.0005825884045074222
0.0025302095500159675
0.0026146240589349423
0.0013032328551961046
1.3856001690000008e-05
0.00010179507812596429
0.0010770491745474612
0.0048315797441287915
0.0023310102783777853
8.839182776982908e-05
0.0045590800491065895
0.00023378319596014296
0.003794497812711813
0.007345300449301364
0.001004626795027809
0.0005520168700650128
0.00015448742583742966
0.0001802095522586744
0.00047129890447113507
0.007332474443897525
0.0055655539506450965
0.00019722810771438302
0.004871857644905972
0.0008442334613304001
0.003965270762964366
0.003083926396660214
5.1678741023154204e-05
0.004886313063289764
0.00022090225662114714
0.006027088988049742
0.007845633484041771
0.0020228157776396886
0.00029552352358073325
0.00018485660750654093
0.001172893150997647
0.00035083693708363073
0.009440727265473481
0.004947500792005855
0.013078943766927106
0.00016432928874694674
0.004590576510098381
7.326831203252192e-05
0.0029655550973379345
0.009340860680578603
0.0008577452083457005
0.0057507316161106445
0.009243228634599195
0.0031234296784160838
2.0300118766241364e-05
0.004993211402071005
0.0010380274163073666
0.014331360959618098
0.010267389454860462
0.007029662793391592
0.0003077400804383749
