1.465137505885648
1.465137505885648
0.00029523241640819377
0.0003103558881956678
0.0003263864464570214
0.0003433842041399869
0.00036141355111600216
0.0003805434752018556
0.0004008479083001994
0.00042240609969020396
0.00044530301866851685
0.0004696297889235847
1.465137505885648
0.00029523241640819377
0.0003103558881956678
0.0003263864464570214
0.0003433842041399869
0.00036141355111600216
0.0003805434752018556
0.0004008479083001994
0.00042240609969020396
0.00044530301866851685
5.477776701822044
7.454153794746067
1.1242690888414222
0.4953582085148364
0.41043582888549546
0.3134705099166575
0.23259117077448355
0.18333893446244143
0.15387633912085977
0.13336815384007022
0.11644012821318972
3.2578140946660783
29.24290611847823
17.54491872121233
11.686448890413061
8.585151807620717
6.720872024478604
5.509485675940648
4.651897073095128
4.149317449657069
3.6391600775373565
3.2392124388817187
36.024890442410324
18.021673099111297
11.656781365345402
8.462287557069429
6.605878455169549
5.155872588412089
4.4014657460617945
3.8350763111552064
3.318959882477686
2.9889698589929736
96.46423138377057
68.0745450259203
49.18607600581279
43.32897058895292
36.024890442410324
29.576718061228373
26.22943800030395
22.479958731227278
19.445803488509558
16.90641408796008
14.806430790883095
14.556269536781844
13.126606383960524
11.866429464083092
10.775666848323866
9.847990406558118
9.067807138588659
9.129114239972953
8.46155189106662
7.877681678037121
7.370617560845743
6.931524287924464
6.970664471338006
6.572959022389011
6.219939649407937
5.907133620492817
5.62962999336144
5.38245442900782
5.160892209959412
5.155872588412089
4.942679823141347
4.749144973823865
4.572798922496762
4.411387093764505
4.262887642303105
4.2449166147779485
4.100954155084881
3.9682679293424488
3.845610875323486
3.731809543967885
3.6257752406486974
3.526514781765602
3.4331453973529173
3.4082419180850496
3.318959882477686
3.2351120048919757
3.156032188305633
3.081128668865811
3.009865522326602
2.941774671496802
91.98312786205963
65.29608598268717
47.369080258047596
41.8967965015035
35.095907813547164
28.936474275480823
25.59267421493079
21.94118023600671
18.978630463955426
16.486461729434893
15.747441933749275
14.183070423370976
12.787351484729497
11.550375331471386
11.347802506005085
10.439591649268023
9.612062893538024
8.868024582958714
8.807750957059373
8.21867871514915
7.678832097225298
7.189432943854032
7.1807153113282425
6.775471527968872
6.40226983439259
6.061154643164281
6.073009355294661
5.7801650404731175
5.5079387607717125
5.255895172857738
5.271695375882246
5.047328324697167
4.836435326373361
4.638976072967311
4.651897073095128
4.472504982320143
4.303253611283825
4.144234100325644
4.155364033014193
4.009935915640623
3.8725984253168226
3.7433024499022602
3.621874253642563
3.635103796010732
3.522312216619225
3.415636376707032
3.3148653369906214
3.326585280344462
3.2318972378066833
3.141764745489529
61.1492376389102
2.9647176963944695
2.134589486965537
1.9052546503361119
1.4710349061768133
1.1405732210184245
1.1276550626533044
1.064350442562119
0.9634098781255649
1.0096417251077225
1.9605208216661834
2.129739509782214
4.636147452146664
6.359480915866539
3.5294671017376764
4.161828443643295
3.1554420462714385
3.2093786628939176
2.8188649815173865
2.4634478317038675
2.4806308102880754
2.9408179113424477
3.254200831514892
2.6792588845719347
2.7658320421475815
2.4831022242574305
2.1808855458969862
1.9832068446023432
2.198467730199174
2.439706279355321
2.439706279355321
5.256495223844932
3.6754443787962403
3.391007527805203
4.393393790307807
61.1492376389102
7.412333441285831
49.836817011343776
59.690433381052244
8.017041377724098
7.654349076402887
14.217775725435107
9.282304643956515
9.999226397474207
3.6574002353218393
22.352952664622777
12.533171390132733
11.199607345695476
34.728239414287515
3.226963317223364
2.3032386961399376
1.9165231003097043
3.002112691582148
1.2175835699227455
0.8014287179490208
0.8355355621437213
0.7106493493012981
0.7118886813298904
0.6866261560199916
0.6439681157959447
0.6639287396439061
1.9946591575235677
1.451678143852118
4.881569095038691
6.568272551669995
2.9691030692986353
2.2125636669538844
1.3547918718265075
1.8113404400336943
1.654552343303941
1.269629702526658
1.1613427363540256
1.210436172647889
1.2990319804893398
1.2308582558660213
2.8052396485099003
2.4878746651246457
1.4046688678703194
1.3110470274422834
1.4013155296284119
2.47705896068836
2.47705896068836
5.279871168009125
2.6520067341326987
1.5151105571908903
4.424248238503518
64.31957743308806
7.905445353767141
50.06121708605604
61.09573650564204
8.191516776945468
7.674300315717421
14.236455645353448
9.41593570998337
6.350679926250166
2.649734595410093
22.24376568205275
12.667968505778585
11.259213000016716
34.58944218670392
3.5645325146703986
1.6135655936497093
0.9009235276261701
2.9647176963944695
2.134589486965537
1.9052546503361119
1.4710349061768133
1.1405732210184245
1.1276550626533044
1.064350442562119
0.9634098781255649
1.0096417251077225
1.9605208216661834
2.129739509782214
4.636147452146664
6.359480915866539
3.5294671017376764
4.161828443643295
3.1554420462714385
3.2093786628939176
2.8188649815173865
2.4634478317038675
2.4806308102880754
2.9408179113424477
3.254200831514892
2.6792588845719347
2.7658320421475815
2.4831022242574305
2.1808855458969862
1.9832068446023432
2.198467730199174
2.439706279355321
2.439706279355321
5.256495223844932
3.6754443787962403
3.391007527805203
4.393393790307807
61.1492376389102
7.412333441285831
49.836817011343776
59.690433381052244
8.017041377724098
7.654349076402887
14.217775725435107
9.282304643956515
9.999226397474207
3.6574002353218393
22.352952664622777
12.533171390132733
11.199607345695476
34.728239414287515
3.226963317223364
2.3032386961399376
1.9165231003097043
2.9647176963944695
2.134589486965537
1.9052546503361119
1.4710349061768133
2.9647176963944695
2.134589486965537
1.9052546503361119
1.4710349061768133
1.1405732210184245
1.1276550626533044
1.064350442562119
0.9634098781255649
1.0096417251077225
1.9605208216661834
2.129739509782214
4.636147452146664
6.359480915866539
3.5294671017376764
4.161828443643295
3.1554420462714385
3.2093786628939176
2.8188649815173865
2.4634478317038675
2.4806308102880754
2.9408179113424477
3.254200831514892
2.6792588845719347
2.7658320421475815
2.4831022242574305
2.1808855458969862
1.9832068446023432
2.198467730199174
2.439706279355321
2.439706279355321
5.256495223844932
3.6754443787962403
3.391007527805203
4.393393790307807
61.1492376389102
7.412333441285831
49.836817011343776
59.690433381052244
8.017041377724098
7.654349076402887
14.217775725435107
9.282304643956515
9.999226397474207
3.6574002353218393
22.352952664622777
12.533171390132733
11.199607345695476
34.728239414287515
3.226963317223364
2.3032386961399376
1.9165231003097043
1.9165231003097043
1.9165231003097043
95.51575066524497
79.61457302700693
182.04566651312925
85.65041316014675
103.33638334852769
73.72591059484249
174.69429645888013
15.51099001816003
2.8628903792650817
233.22571572993434
78.97334210802633
2648.9594529258648
220.91932796047809
58.39481892672506
42.718366829975345
17.254899884428095
131.81193808515675
116.6285122968967
25.079789964408533
2.545622124522083
2.181229664573549
2.023052250672541
1.6306226423068566
1.7566373727358284
1.8067092389998323
1.7151454926855272
1.5195964677158413
1.613336807886575
1.8272116888104235
1.7184022095834557
5.991596671252651
7.857970301586
3.3314222860397957
3.6699383527954517
2.6181550899757777
2.9950304633779363
2.7410490916173504
2.44979153657194
2.492255743365854
2.9441233940300338
3.1696710350067407
2.6302540887575363
2.6154029120090625
2.531204675066719
2.292537044404459
2.1032380592354514
2.354041329552702
2.2792217881978067
2.2792217881978067
5.099662400808099
3.415547173783862
3.1930600273077494
4.267975078363875
52.25431240888922
5.857055092272906
37.57600333108824
44.77201178053062
6.339016697946925
7.292210949602044
14.820654316218452
15.777868002079122
8.17854609071925
2.972512756274632
20.84861765012916
10.003092243955178
10.221043669871639
28.816848720309057
2.788709982611435
2.105979722826703
1.8301811925300202
1.2384350430341577
1.2613048796619066
1.2594011729126828
1.21942910096185
1.2528473144807266
1.2476691254445686
1.214495608802426
1.17986482949797
1.187551642973293
2.4710443123064834
1.3637540223984372
6.241199775923725
6.93436153015496
2.078945768374612
2.5725163674418194
1.3297231079737213
2.373209776267605
2.257203135984636
1.2968760268271466
1.4393065958565006
2.0036130115700663
2.0620402166109266
1.4304979547558276
2.97853142888484
2.084842549793145
1.627469224509954
1.5405129803381288
2.094254501345687
2.903095596045121
2.903095596045121
3.3879494764703226
1.7953810959437124
1.8625786523232584
3.2612726034006263
60.63312211898527
5.182570319951872
21.12072313146988
36.40099623935754
5.273884149235021
3.817052657947653
8.175916961593948
7.518218226304608
3.4291043491118898
1.1735400191116314
9.915927088643077
4.5480712351530315
5.675348296996459
13.479492805608327
1.6744224338763418
1.0913994783296845
1.1665992721319183
1.2689024501312787
1.2613048796619066
1.2594011729126828
1.21942910096185
1.2528473144807266
1.2476691254445686
1.214495608802426
1.17986482949797
1.187551642973293
2.4710443123064834
1.3637540223984372
6.241199775923725
6.93436153015496
2.078945768374612
2.5725163674418194
1.3297231079737213
2.373209776267605
2.257203135984636
1.2968760268271466
1.4393065958565006
2.0036130115700663
2.0620402166109266
1.4304979547558276
2.97853142888484
2.084842549793145
1.627469224509954
1.5405129803381288
2.094254501345687
2.903095596045121
2.903095596045121
3.3879494764703226
1.7953810959437124
1.8625786523232584
3.2612726034006263
60.63312211898527
5.182570319951872
21.12072313146988
36.40099623935754
5.273884149235021
3.817052657947653
8.175916961593948
7.518218226304608
3.4291043491118898
1.1735400191116314
9.915927088643077
4.5480712351530315
5.675348296996459
13.479492805608327
1.6744224338763418
1.0913994783296845
1.1665992721319183
18.54574677619297
17.41653494292934
18.48773303089403
19.31239546542409
15.568219016580398
17.27295515941494
16.80377406458196
16.941831283346502
16.21130426947539
36.25806141795802
23.141744144902535
80.55404692026931
89.09252658417407
23.846259446308846
38.34038064608389
22.786217465120156
34.2765419723232
32.777600205578985
21.89951465227545
24.04185192020707
28.43980430017408
29.240051939979452
24.919516039238452
43.92398294995645
31.60727869506634
26.405603711521305
25.607281252990834
30.15320178597925
40.902675529220964
40.902675529220964
58.4701714747878
29.0233514231462
27.045699665214702
54.84898618078473
373.83642629635534
45.04730302436995
280.5526752056155
345.446731812447
48.73792966969076
66.7043458179886
125.71675705268066
102.56059500845353
64.80730275945609
21.28993763308665
153.15089730441807
74.08250504795677
74.2933386689529
205.3859314416307
19.061824421045973
16.02982647514127
16.34048091716162
8.680850425744124
8.809312263797025
9.090135014146034
9.416633293503189
9.197542164761751
8.935890076608057
9.223507617443273
9.195893185647897
9.272124863266109
17.892616538066065
10.79659652416959
42.27100951405991
46.824487444452984
9.85583406380424
18.583849962677302
10.610228953853772
17.293988772041125
16.468879137406272
10.51284427085938
11.640017304488087
14.19883411284648
14.702037488711689
12.01488178019448
20.49838341007178
15.950366868798913
12.894862044578893
12.433358475144153
15.350257868038748
19.41553899347252
19.41553899347252
26.125441827485094
13.187691857907563
13.345812623629614
24.400067450415975
135.04896138322036
18.0263457892102
128.78517008876958
133.53943619032117
19.194508503852337
30.929883650150963
64.8053859719024
50.539399524553644
27.353353704760977
8.533232143686703
74.65947120041591
30.108415359042805
37.508875197200396
81.52322795084449
9.04849387194514
9.242921821420879
9.286437812073844
