1.465137505885648
1.465137505885648
0.00029523241640819377
0.0003103558881956678
0.0003263864464570214
0.0003433842041399869
0.00036141355111600216
0.0003805434752018556
0.0004008479083001994
0.00042240609969020396
0.00044530301866851685
0.0004696297889235847
1.465137505885648
0.00029523241640819377
0.0003103558881956678
0.0003263864464570214
0.0003433842041399869
0.00036141355111600216
0.0003805434752018556
0.0004008479083001994
0.00042240609969020396
0.00044530301866851685
5.477776701822044
7.454153794746067
1.1242690888414222
0.4953582085148364
0.41043582888549546
0.3134705099166575
0.23259117077448355
0.18333893446244143
0.15387633912085977
0.13336815384007022
0.11644012821318972
3.2578140946660783
29.24290611847823
17.54491872121233
11.686448890413061
8.585151807620717
6.720872024478604
5.509485675940648
4.651897073095128
4.149317449657069
3.6391600775373565
3.2392124388817187
36.024890442410324
18.021673099111297
11.656781365345402
8.462287557069429
6.605878455169549
5.155872588412089
4.4014657460617945
3.8350763111552064
3.318959882477686
2.9889698589929736
96.46423138377057
68.0745450259203
49.18607600581279
43.32897058895292
36.024890442410324
29.576718061228373
26.22943800030395
22.479958731227278
19.445803488509558
16.90641408796008
14.806430790883095
14.556269536781844
13.126606383960524
11.866429464083092
10.775666848323866
9.847990406558118
9.067807138588659
9.129114239972953
8.46155189106662
7.877681678037121
7.370617560845743
6.931524287924464
6.970664471338006
6.572959022389011
6.219939649407937
5.907133620492817
5.62962999336144
5.38245442900782
5.160892209959412
5.155872588412089
4.942679823141347
4.749144973823865
4.572798922496762
4.411387093764505
4.262887642303105
4.2449166147779485
4.100954155084881
3.9682679293424488
3.845610875323486
3.731809543967885
3.6257752406486974
3.526514781765602
3.4331453973529173
3.4082419180850496
3.318959882477686
3.2351120048919757
3.156032188305633
3.081128668865811
3.009865522326602
2.941774671496802
91.98312786205963
65.29608598268717
47.369080258047596
41.8967965015035
35.095907813547164
28.936474275480823
25.59267421493079
21.94118023600671
18.978630463955426
16.486461729434893
15.747441933749275
14.183070423370976
12.787351484729497
11.550375331471386
11.347802506005085
10.439591649268023
9.612062893538024
8.868024582958714
8.807750957059373
8.21867871514915
7.678832097225298
7.189432943854032
7.1807153113282425
6.775471527968872
6.40226983439259
6.061154643164281
6.073009355294661
5.7801650404731175
5.5079387607717125
5.255895172857738
5.271695375882246
5.047328324697167
4.836435326373361
4.638976072967311
4.651897073095128
4.472504982320143
4.303253611283825
4.144234100325644
4.155364033014193
4.009935915640623
3.8725984253168226
3.7433024499022602
3.621874253642563
3.635103796010732
3.522312216619225
3.415636376707032
3.3148653369906214
3.326585280344462
3.2318972378066833
3.141764745489529
101.03243447188818
98.25182627963936
110.8284339107183
124.25927390256331
591.6624142773231
99.35959212851674
1138.7829289550345
933.9162684858027
720.4387265221742
323.80171765065074
459.00954877407486
347.62225090884226
125.31608305700973
237.94505536370136
69.47694603179242
379.1327621587634
7.47209504672961
7.408971964114122
127.819505086844
33.16461463027291
563.5233846092939
563.5233846092939
563.5233846092939
563.5233846092939
99.35959212851674
1138.7829289550345
933.9162684858027
720.4387265221742
323.80171765065074
459.00954877407486
347.62225090884226
125.31608305700973
237.94505536370136
69.47694603179242
379.1327621587634
7.47209504672961
7.408971964114122
127.819505086844
33.16461463027291
563.5233846092939
138.2106297913102
249.09190557617094
701.5713727895741
200.27557043119523
1440.9222394967949
1305.546410956872
632.2624967552462
9.230734789784746
395.7842092166166
1277.9456479875614
969.5524520324118
1075.8524904160176
16.247889699671415
16.247889699671415
6.739989230286558
1493.852812517241
1452.0652926021785
6.39599254748349
6.431255984862272
6.7734787557676
6.7427104033882905
6.586564622446111
6.233241789545609
7.294723887884178
7.186475917149902
7.310047775751565
7.06127075762954
418.5059875864572
7.0467450786804156
7.432018463313068
7.48533872042225
6.897265816140084
31.036639888185682
4.654929066053335
128.9360583349368
2.5039521387706505
2.411511364972835
2.6015725370182086
2.705438169285527
2.1830422067801236
2.3238909520654536
2.2412536804224437
2.252668095597127
2.3262717892798697
5.912939393227755
3.766781854466519
12.543902456919733
15.867157357415179
4.5252488129833734
5.494480332044189
3.574404878355513
5.419770945891783
5.014335579390536
3.3910831661951857
3.4308808972192995
4.3556808223018075
4.660201411549165
4.046393372052704
6.568098566859077
5.402605004219765
4.074263657216957
3.8314403665514094
4.397611539023849
5.974194943689193
5.974194943689193
8.212953497356581
5.054092721126608
4.345969884042037
9.17461612332297
90.22242192904608
9.339163809234677
43.54098206417322
64.67628524334467
9.89149146043023
10.37898397030277
24.92240197729916
20.147933054819386
11.538419534283612
3.8675659255781327
29.84160595017445
13.202320202452846
13.824820064754991
29.65092028927583
4.083756753497899
2.67791150315669
2.2476666532455147
2.289468741849549
2.236982010307918
2.347645102472044
2.413449807067029
1.934478358963908
2.1884013468273613
2.142200172712839
2.0574306069612716
2.097115083262579
5.190419778360224
3.1895683164888458
12.8715737820445
16.14688052007693
4.502501374330727
5.609060301957239
3.3109415822588377
4.819270808387925
4.4903886231472985
2.919316675475053
2.945568324556815
3.604170794129846
3.7671431844969683
3.372370572655743
5.644294407204349
4.78182443577455
3.73755398575274
3.2036901430725537
3.9653329107859854
6.09656930671524
6.09656930671524
8.39193254612153
4.707119691168276
3.5493887801068813
7.570896925411105
93.67441231131635
9.527482245495213
44.56156602929442
66.44753623214214
10.074284958191342
10.65234211508488
25.31002159877643
20.420334491574845
11.259364821271138
3.773100212144633
30.50172863090455
13.57423267302034
14.151461019454157
30.34768187330892
4.156915454349351
2.243106089966974
1.971770742543648
4.2430792686066985
2.8311505449685757
2.693695079544633
2.7745185790009477
2.2769542430264567
2.515269727431232
2.4933846888891544
2.3593897178035603
2.4225287981216894
5.908439931141684
3.645443425978545
14.506727625764274
17.96106593940412
4.982938255582828
6.369489997498005
3.738209540458617
5.498632058352563
5.134334826890148
3.3318564428706794
3.3918916670022567
4.531518849181273
4.798132396675691
3.8488543819105123
7.549749850808883
5.412521629545289
4.2717393800142505
4.054080756507678
4.5471967103442354
6.903507113623813
6.903507113623813
9.491429967873854
5.268324282612596
4.4905849899435095
8.591808346831728
98.31794449743029
10.478979142751326
47.89061135321375
70.36772645080042
11.082915112935462
11.939334324676867
27.58305455342784
22.44441152215265
12.470747379945525
4.190540014935203
33.0740492924523
14.995054750050341
15.6821143878287
33.194198939966654
4.600844879628447
2.5530649951318565
2.2579456328321426
3.663749372952234
2.349843988164829
2.2728646884214716
2.357229024113318
1.9193674577419986
1.9982400081153238
1.9160028626184942
1.9844170120584776
2.043915604433171
4.967904108322826
3.0819751365910837
12.406808675388426
14.460790942292048
3.8169497651082227
5.2711578442076625
2.93041806716283
4.732201684153782
4.533538224079543
2.79028432202371
2.9149378295271178
3.831398491575709
3.984816809955609
3.2521619257497227
6.031187655239459
4.3951608897691585
3.4617297676229257
3.145749787518412
4.134573916792584
5.628458490349594
5.628458490349594
7.696548220940005
3.9062298634644033
3.459239625998215
7.040900665895459
99.01417922502702
8.691768565421901
35.14348921116277
55.802486207890205
9.050380137796797
9.510484906376549
17.84360014096535
17.244980376716857
9.371332219030625
2.99891077739787
23.55523798859286
11.767793914630074
10.822731417521588
32.087361827340786
3.841936159951013
2.1722886417593985
1.8402707127457656
