90.09207105534384
104.42867473188926
189.75757863543413
195.0980953930578
170.67465599305217
171.4779556385447
184.37638814818024
184.37638814818024
98.28721687214491
175.43321921315442
169.28218629563216
159.02856342079087
143.974869297828
143.974869297828
143.974869297828
144.45892204641913
144.75180384579286
48.168253720473835
13.72729288551866
19.706349507022168
16.277207903183506
14.921932138493677
17.8442861835351
21.98867106484846
28.59470039053096
39.85755055962808
33.468080641210456
125.81902339352563
24.8624942895876
144.45892204641913
21.98522787881542
170.40221436805322
58.78621188185187
19.708164125839158
17.851298761238873
159.79739554671312
72.04846212034651
28.583154425501206
106.32469200467558
33.45479759831384
88.02170370443704
48.15505934734232
176.94635479126444
25.673820861144577
14.937485948494569
16.28888557831047
39.84409109939531
39.84409109939531
125.81902339352563
24.8624942895876
144.45892204641913
21.98522787881542
170.40221436805322
58.78621188185187
19.708164125839158
17.851298761238873
159.79739554671312
72.04846212034651
28.583154425501206
106.32469200467558
33.45479759831384
88.02170370443704
48.15505934734232
176.94635479126444
25.673820861144577
14.937485948494569
16.28888557831047
39.84409109939531
39.84409109939531
125.81902339352563
24.8624942895876
144.45892204641913
21.98522787881542
170.40221436805322
58.78621188185187
19.708164125839158
17.851298761238873
159.79739554671312
72.04846212034651
28.583154425501206
106.32469200467558
33.45479759831384
88.02170370443704
48.15505934734232
176.94635479126444
25.673820861144577
14.937485948494569
16.28888557831047
39.84409109939531
39.84409109939531
125.81902339352563
24.8624942895876
144.45892204641913
21.98522787881542
170.40221436805322
58.78621188185187
19.708164125839158
17.851298761238873
159.79739554671312
72.04846212034651
28.583154425501206
106.32469200467558
33.45479759831384
88.02170370443704
48.15505934734232
176.94635479126444
25.673820861144577
14.937485948494569
16.28888557831047
39.84409109939531
39.84409109939531
129.7622567699875
25.43494810678886
150.97615472441746
22.466197849864308
185.04988211042806
59.52756467664565
20.088306263165677
18.13305811997621
169.92391426320307
72.97068726510142
29.22508860869869
108.63012509280018
34.13564213987942
89.39980751453764
48.84961697488998
196.7506012479289
13.811440892742972
15.059570257421067
16.48316570054645
40.53534286449035
40.53534286449035
129.7622567699875
25.43494810678886
150.97615472441746
22.466197849864308
59.52756467664565
145.70741793085867
30.114498603662437
174.75315666274386
26.814083770758863
235.24188135385057
65.60597989692484
24.104179649849396
21.836508575704634
205.095420988614
79.7705562482363
34.21234886550981
119.68741417027066
39.38892487280651
97.66604301975403
54.5653324668807
265.182130938793
16.78413790333305
18.239669963489195
19.90634953357215
46.01595765181767
46.01595765181767
125.81902339352563
24.8624942895876
144.45892204641913
21.98522787881542
170.40221436805322
58.78621188185187
19.708164125839158
17.851298761238873
159.79739554671312
72.04846212034651
28.583154425501206
106.32469200467558
33.45479759831384
88.02170370443704
48.15505934734232
176.94635479126444
25.673820861144577
14.937485948494569
16.28888557831047
39.84409109939531
39.84409109939531
125.81902339352563
24.8624942895876
144.45892204641913
21.98522787881542
170.40221436805322
58.78621188185187
19.708164125839158
17.851298761238873
159.79739554671312
72.04846212034651
28.583154425501206
106.32469200467558
33.45479759831384
88.02170370443704
48.15505934734232
176.94635479126444
25.673820861144577
14.937485948494569
16.28888557831047
39.84409109939531
39.84409109939531
125.81902339352563
24.8624942895876
144.45892204641913
17.851298761238873
17.851298761238873
17.851298761238873
17.851298761238873
17.851298761238873
17.851298761238873
125.81902339352563
24.8624942895876
144.45892204641913
21.98522787881542
170.40221436805322
58.78621188185187
19.708164125839158
17.851298761238873
159.79739554671312
72.04846212034651
28.583154425501206
106.32469200467558
33.45479759831384
88.02170370443704
48.15505934734232
176.94635479126444
25.673820861144577
14.937485948494569
16.28888557831047
39.84409109939531
39.84409109939531
1840.1692178282015
1809.6108347274092
1829.2769426906384
1789.8379942561105
1786.8917449208152
1861.0430106145811
1766.5374143981114
1739.2009108255234
1815.0761674434082
1860.87505484388
1826.1896341235683
1849.266512978195
1839.673255986263
1856.075328164162
1857.3127420805006
1751.4019711306614
1620.5812828354735
1668.270993418102
1706.9400239767417
1850.0862167360767
1850.0862167360767
1739.2009108255234
1840.1692178282015
1809.6108347274092
1975.9957503028809
1199.850994873386
1968.4354602736175
1763.812435888858
968.1518973580947
1829.2769426906384
1789.8379942561105
1786.8917449208152
1861.0430106145811
2336.471823512729
1766.5374143981114
21.136124482549008
1364.2337039663064
1739.2009108255234
364.5527422535775
1478.1741674941857
1815.0761674434082
1860.87505484388
2166.756850783981
1826.1896341235683
1849.266512978195
330.43968012361006
1272.9315357064243
670.2394897797697
1529.6705806861319
1839.673255986263
1856.075328164162
2485.362683528082
1857.3127420805006
1751.4019711306614
1620.5812828354735
993.0354482553212
1668.270993418102
1559.5386611476024
689.8632782849519
1706.9400239767417
2255.5248263149865
1850.0862167360767
1850.0862167360767
1793.2052358845108
1710.654539786595
1911.1441614121557
1075.5233642997368
1786.376048563908
1716.7301425379874
851.9066332524992
1788.3248624206872
1685.7658303938078
1757.8927223876658
1790.0672832854668
2238.347869801593
1657.5724978486123
89.74109033123939
1236.1154961938578
1625.6085325198962
413.6661042451445
1349.345750032216
1780.1046256337831
1795.8352388709018
2084.858918027817
1732.5396841812992
1796.2651972963235
243.31553005698953
1263.1935122999835
566.724415414484
1500.989493111877
1751.4951103390079
1797.0418780502766
2371.937528616338
1780.4901304337586
1728.2559039088592
1495.494011633039
1002.6809794517026
1546.4947271278177
1431.963346723603
719.1974675702494
1589.046492886947
2064.669794084996
1767.5236167966716
1767.5236167966716
222.5093604106728
44.78172664185752
173.88720978869358
121.8027235002188
200.80260316028472
174.2775583089673
135.88638472560282
279.46318853644885
40.53353839043252
358.40936035581444
80.9782664621715
172.85484354835734
36.73246612825647
105.04863091075813
58.117971121766416
33.949337181321546
167.73429803547594
50.14926630370217
329.5375891958695
100.7664188325392
173.37282523896647
49.234832846108375
170.9718627249312
156.32880647206287
174.013905233109
147.3930702969065
174.3838385093488
54.06228499845932
130.19138527533616
172.40836367094664
68.23610333303364
364.79103717749757
57.260131649613825
172.95107116324152
34.1509140651313
43.207329254323625
170.9515316030595
32.91044593396958
198.07817153765092
59.94983573566306
59.94983573566306
103.9629378535812
22.42255131125328
3.751136078195756
10.435120386245995
6.45174573268593
4.04564159172408
9.602570122318323
124.1845978048844
20.382194934951144
149.20827354571173
49.56117705396955
8.561877991123323
18.78644128694487
7.41249510914048
11.316776156956509
17.463036995355168
6.769298587080147
12.241334313956148
138.54006728344424
60.79297212266089
7.6453930171747935
25.14642835270115
90.32490368400963
9.94519458222114
5.005621456627883
8.822567807986085
4.485770726888341
28.85836690524962
74.4777237489767
10.055021918371807
40.69493838685326
156.4603196704539
22.970666066600238
5.567665345987286
15.220203796740769
13.201643466947553
6.156216983031239
16.29749947097755
5.348491074127869
33.914514008749215
33.914514008749215
0.33116588531392205
0.3302846509037807
0.3095149430819675
0.32355029839312854
0.3013793211036706
0.3110311923034569
0.32254111755631104
0.3309907521022257
0.3298908874467168
0.3305108503605727
0.3313435711276374
0.3063649341846952
0.3294351092071091
0.3191706897111632
0.32450063780671184
0.32891694733391486
0.31793785631646965
0.3253905719486344
0.33077140219236106
0.33138134764436633
0.3079587684487462
0.3306160936192473
0.3312869071290156
0.32034989879973064
0.3139347640542768
0.3214736919977859
0.3125051448355247
0.33088756021830584
0.3313629041181074
0.3047354792849754
0.3312504450663056
0.33010329185956255
0.32698755448803957
0.3153180782809215
0.32769324875245215
0.32621983353085376
0.3166531705069211
0.32833693543045306
0.30307283699957355
0.33109895682995
0.33109895682995
143.1190161598258
15.231324900259885
3.378363046876868
8.185292672238957
5.477881731690492
3.557839083569766
7.567366804750314
206.22289517224473
13.918996709529209
267.67505778078345
40.65347751850998
6.266795900093917
12.941793807896591
5.770761066509574
8.78620521249266
12.17441330599025
5.25176340783772
9.361517661229206
250.00997009937169
56.07043286770793
5.433233155260698
17.086201176542566
111.80712041970683
7.154820780768198
4.077154025647937
6.9467891556535095
3.79592583530403
19.83156305108134
79.01230655177551
7.584300933587483
30.552023374795922
265.72512743065903
17.734910751591546
4.4067583998299416
10.973179507759717
9.91026463463992
4.796133419847838
11.5369894417265
4.4880784939878104
24.031177944477403
24.031177944477403
143.1190161598258
15.231324900259885
3.378363046876868
8.185292672238957
5.477881731690492
3.557839083569766
7.567366804750314
206.22289517224473
13.918996709529209
267.67505778078345
40.65347751850998
6.266795900093917
12.941793807896591
5.770761066509574
8.78620521249266
12.17441330599025
5.25176340783772
9.361517661229206
250.00997009937169
56.07043286770793
5.433233155260698
17.086201176542566
111.80712041970683
7.154820780768198
4.077154025647937
6.9467891556535095
3.79592583530403
19.83156305108134
79.01230655177551
7.584300933587483
30.552023374795922
265.72512743065903
17.734910751591546
4.4067583998299416
10.973179507759717
9.91026463463992
4.796133419847838
11.5369894417265
4.4880784939878104
24.031177944477403
24.031177944477403
143.1190161598258
15.231324900259885
3.378363046876868
8.185292672238957
5.477881731690492
3.557839083569766
7.567366804750314
206.22289517224473
13.918996709529209
267.67505778078345
40.65347751850998
6.266795900093917
12.941793807896591
5.770761066509574
8.78620521249266
12.17441330599025
5.25176340783772
9.361517661229206
250.00997009937169
56.07043286770793
5.433233155260698
17.086201176542566
111.80712041970683
7.154820780768198
4.077154025647937
26.269198597254764
22.689520270476176
57.57288356894251
96.10703117536366
25.781561074386488
67.13963875784432
267.1597568816575
36.15811756877584
23.278289124700873
37.78191404699007
33.95072794844027
23.561218070978406
39.85348627867504
28.778946970841908
61.94334385000509
61.94334385000509
143.1190161598258
15.231324900259885
3.378363046876868
8.185292672238957
5.477881731690492
3.557839083569766
7.567366804750314
206.22289517224473
13.918996709529209
267.67505778078345
40.65347751850998
6.266795900093917
12.941793807896591
5.770761066509574
8.78620521249266
12.17441330599025
5.25176340783772
9.361517661229206
250.00997009937169
56.07043286770793
5.433233155260698
17.086201176542566
111.80712041970683
7.154820780768198
4.077154025647937
6.9467891556535095
5.576778600361795
21.059446848750667
78.72000229580294
6.458356369368193
31.66265760593699
288.50835254919383
17.568032852560552
4.442473900682308
11.05848977467003
9.73614336619502
4.793141104227831
11.785766281591895
3.4571407460059884
25.27010356553687
25.27010356553687
25.27010356553687
25.27010356553687
145.71180046798574
15.959497274459782
3.377524725151166
7.8827557725603175
3.973831114097754
3.5763437983864588
7.280486024148775
207.04329607647492
14.507665564540481
143.1190161598258
15.231324900259885
3.378363046876868
8.185292672238957
5.477881731690492
3.557839083569766
7.567366804750314
206.22289517224473
13.918996709529209
267.67505778078345
40.65347751850998
6.266795900093917
12.941793807896591
5.770761066509574
8.78620521249266
12.17441330599025
5.25176340783772
9.361517661229206
250.00997009937169
56.07043286770793
5.433233155260698
17.086201176542566
111.80712041970683
7.154820780768198
4.077154025647937
6.9467891556535095
3.79592583530403
19.83156305108134
79.01230655177551
7.584300933587483
30.552023374795922
265.72512743065903
17.734910751591546
4.4067583998299416
10.973179507759717
9.91026463463992
4.796133419847838
11.5369894417265
4.4880784939878104
24.031177944477403
24.031177944477403
24.302406263917504
11.192859109533295
59.979656358625384
5.206732991808845
9.802329739460172
6.823869123437864
264.2120253251146
155.48514863432285
8.808251790377719
4.554803728487951
15.231324900259885
36.08338265138597
23.038455783434184
19.187991692111
5.556152683027836
3.378363046876868
84.71745949865497
264.7809326528931
10.7384602576083
8.548630250057252
3.6016562562690866
5.477881731690492
128.02317809204231
12.61467710131927
4.661850999489959
3.557839083569766
5.061500912171959
17.54957026439993
26.300197716748706
9.134754387291066
7.567366804750314
266.46267478773615
104.37172547692595
11.591666975805763
11.907351770075648
13.301779942075633
5.881301423293365
7.194217279462662
15.550210547116562
10.865298071403426
3.325750570181199
206.22289517224473
234.7195587734831
7.356642608181999
10.123936369743467
49.133389208784706
13.918996709529209
4.336389270114046
4.017396420677153
5.255930013300226
6.580572695389029
10.01739607328657
136.78305552993257
267.67505778078345
9.70713924257559
3.7447438255847483
40.65347751850998
14.655374454256824
3.422866465964878
11.419875609855161
8.428364016836268
20.53219272827917
34.07722061174206
9.473293009490002
12.941793807896591
4.326550257631563
18.051690796638784
25.115654301383458
3.3327506111178757
5.770761066509574
265.06064467390553
73.70528981397096
8.78620521249266
7.9394502533403815
3.6162307638744537
3.9160419306358336
12.17441330599025
4.138817618799147
225.76701626409496
18.209929154866554
5.25176340783772
3.4771152292180014
29.008007297825788
16.657649291397792
7.3185104602714235
9.361517661229206
90.83520091425912
265.1921205824471
250.00997009937169
185.69481292782518
17.277002763565847
6.224005730796306
13.496301697166743
56.07043286770793
4.529886937615048
4.479521365803378
11.780372417663353
268.03291392808705
10.162447712248632
11.082293704570588
3.3067120177293994
3.516222056424433
5.155346920366383
17.086201176542566
27.59438674664422
9.01966205203894
7.691654628516002
267.19217433987967
111.80712041970683
13.117229360084657
5.993743771266414
4.04051810241324
12.038606763855048
10.758573946873955
3.3483150740205354
7.070283023541686
15.892406110977323
196.00157891275694
242.86110594372929
7.154820780768198
10.22989607906561
46.06784526166142
14.149375982299894
4.268343334494182
4.077154025647937
64.20879055557086
5.313589309089675
3.4759988000641493
11.305271406057635
9.69361453495006
6.9467891556535095
260.74638147821173
165.33680504426664
8.780598240548585
4.632628057486883
14.933620752447451
38.27067635683369
22.129214664231416
19.83156305108134
5.45224110945568
3.407745478667588
79.01230655177551
264.7934900181512
10.46571897114727
8.66785739912911
12.461862382802659
4.847811387496525
3.647522319612179
119.69290118412721
4.574897777279028
216.20367396901298
10.499744602396117
12.315362965907635
5.350746176860005
3.4408353651088888
30.552023374795922
16.260711010575857
7.442899586063101
9.248674720007303
97.38397384442152
265.72512743065903
18.703260983792667
11.657005351989042
256.0004357715358
175.43583174702792
17.734910751591546
6.108071869638874
13.701575904570198
52.461696640296864
4.527660786298936
4.4067583998299416
10.973179507759717
3.312120904232738
267.7906894267919
9.996952658186297
6.701776895013828
9.91026463463992
145.94902598527338
266.46838623733413
9.84538292298678
3.6952595834898037
43.2469372611542
14.39446584825075
5.04587484347752
8.307221909201841
21.29621383960349
3.380500242281384
11.5369894417265
12.774494272946923
4.4880784939878104
32.23737021641353
9.58397789593182
3.7040218556940694
18.596365158689622
24.031177944477403
3.3531774090268716
5.662360263052625
5.662360263052625
68.77810901119375
8.903484708400425
7.815792390126425
7.815792390126425
265.06064467390553
264.7934900181512
264.7809326528931
265.1921205824471
265.72512743065903
266.46267478773615
267.19217433987967
267.7906894267919
268.03291392808705
267.67505778078345
267.67505778078345
267.67505778078345
265.06064467390553
206.22289517224473
206.22289517224473
265.06064467390553
206.22289517224473
206.22289517224473
206.22289517224473
206.22289517224473
206.22289517224473
206.22289517224473
206.22289517224473
206.22289517224473
19.81103829726058
5.477881731690492
5.477881731690492
5.477881731690492
4.796133419847838
4.796133419847838
5.770761066509574
3.3067120177293994
3.557839083569766
3.557839083569766
5.770761066509574
24.302406263917504
11.192859109533295
59.979656358625384
5.206732991808845
3.557839083569766
3.557839083569766
3.557839083569766
3.557839083569766
3.557839083569766
21.24183088812035
9.802329739460172
264.2120253251146
8.808251790377719
3.557839083569766
3.557839083569766
3.557839083569766
3.557839083569766
3.557839083569766
3.557839083569766
3.557839083569766
3.557839083569766
3.557839083569766
4.682424430777793
3.557839083569766
3.557839083569766
3.557839083569766
3.557839083569766
21.24183088812035
9.802329739460172
264.2120253251146
8.808251790377719
15.231324900259885
23.038455783434184
5.556152683027836
84.71745949865497
8.185292672238957
5.477881731690492
128.02317809204231
12.61467710131927
4.661850999489959
3.557839083569766
17.54957026439993
9.134754387291066
266.46267478773615
267.67505778078345
8.755442661272635
14.655374454256824
8.428364016836268
34.07722061174206
12.941793807896591
4.326550257631563
25.115654301383458
5.770761066509574
73.70528981397096
7.9394502533403815
3.6162307638744537
225.76701626409496
8.646779856603423
16.657649291397792
9.361517661229206
265.1921205824471
185.69481292782518
6.959342782171378
56.07043286770793
4.725929811787857
11.780372417663353
4.970398333694332
11.082293704570588
3.3067120177293994
5.155346920366383
27.59438674664422
7.691654628516002
111.80712041970683
6.5882343693646765
4.04051810241324
12.038606763855048
15.892406110977323
242.86110594372929
16.83551238065666
14.149375982299894
4.077154025647937
64.20879055557086
6.488480133120721
11.305271406057635
6.9467891556535095
165.33680504426664
4.845688611969065
38.27067635683369
19.83156305108134
3.407745478667588
264.7934900181512
11.880441326857573
3.647522319612179
4.2025274828695185
3.8039222102783237
12.315362965907635
5.350746176860005
30.552023374795922
7.442899586063101
97.38397384442152
10.652288151894334
256.0004357715358
17.734910751591546
13.701575904570198
3.9594253314631858
267.7906894267919
7.778175858445604
145.94902598527338
4.997224013703763
43.2469372611542
10.81612518208191
21.29621383960349
3.380500242281384
11.5369894417265
9.58397789593182
18.596365158689622
3.3531774090268716
3.3531774090268716
8.903484708400425
52.31464187103785
9.361517661229206
265.1921205824471
185.69481292782518
6.959342782171378
56.07043286770793
4.725929811787857
11.780372417663353
4.970398333694332
21.24183088812035
9.802329739460172
264.2120253251146
8.808251790377719
15.231324900259885
23.038455783434184
5.556152683027836
84.71745949865497
8.185292672238957
5.477881731690492
128.02317809204231
12.61467710131927
4.661850999489959
3.557839083569766
17.54957026439993
9.134754387291066
266.46267478773615
13.301779942075633
7.194217279462662
10.865298071403426
3.325750570181199
206.22289517224473
7.356642608181999
49.133389208784706
4.636270105225187
10.01739607328657
267.67505778078345
8.755442661272635
14.655374454256824
8.428364016836268
34.07722061174206
12.941793807896591
4.326550257631563
25.115654301383458
5.770761066509574
73.70528981397096
7.9394502533403815
3.6162307638744537
225.76701626409496
8.646779856603423
16.657649291397792
9.361517661229206
265.1921205824471
185.69481292782518
6.959342782171378
56.07043286770793
4.725929811787857
11.780372417663353
4.970398333694332
11.082293704570588
3.3067120177293994
5.155346920366383
27.59438674664422
7.691654628516002
111.80712041970683
6.5882343693646765
4.04051810241324
12.038606763855048
21.24183088812035
9.802329739460172
264.2120253251146
8.808251790377719
15.231324900259885
23.038455783434184
5.556152683027836
84.71745949865497
8.185292672238957
5.477881731690492
128.02317809204231
12.61467710131927
4.661850999489959
3.557839083569766
17.54957026439993
9.134754387291066
266.46267478773615
13.301779942075633
7.194217279462662
10.865298071403426
3.325750570181199
206.22289517224473
7.356642608181999
49.133389208784706
4.636270105225187
10.01739607328657
267.67505778078345
8.755442661272635
14.655374454256824
8.428364016836268
34.07722061174206
12.941793807896591
4.326550257631563
25.115654301383458
5.770761066509574
73.70528981397096
7.9394502533403815
3.6162307638744537
225.76701626409496
8.646779856603423
16.657649291397792
9.361517661229206
265.1921205824471
185.69481292782518
6.959342782171378
56.07043286770793
4.725929811787857
11.780372417663353
4.970398333694332
11.082293704570588
3.3067120177293994
5.155346920366383
27.59438674664422
7.691654628516002
111.80712041970683
6.5882343693646765
4.04051810241324
12.038606763855048
15.892406110977323
242.86110594372929
16.83551238065666
14.149375982299894
4.077154025647937
64.20879055557086
6.488480133120721
11.305271406057635
6.9467891556535095
165.33680504426664
4.845688611969065
38.27067635683369
19.83156305108134
3.407745478667588
264.7934900181512
11.880441326857573
3.647522319612179
4.2025274828695185
3.8039222102783237
12.315362965907635
5.350746176860005
30.552023374795922
7.442899586063101
97.38397384442152
10.652288151894334
256.0004357715358
17.734910751591546
13.701575904570198
3.9594253314631858
267.7906894267919
7.778175858445604
145.94902598527338
4.997224013703763
43.2469372611542
10.81612518208191
21.29621383960349
3.380500242281384
11.5369894417265
9.58397789593182
18.596365158689622
3.3531774090268716
3.3531774090268716
8.903484708400425
21.24183088812035
9.802329739460172
264.2120253251146
8.808251790377719
15.231324900259885
23.038455783434184
5.556152683027836
84.71745949865497
8.185292672238957
5.477881731690492
128.02317809204231
12.61467710131927
4.661850999489959
3.557839083569766
17.54957026439993
9.134754387291066
266.46267478773615
13.301779942075633
7.194217279462662
10.865298071403426
3.325750570181199
206.22289517224473
7.356642608181999
49.133389208784706
4.636270105225187
10.01739607328657
267.67505778078345
8.755442661272635
14.655374454256824
8.428364016836268
34.07722061174206
12.941793807896591
4.326550257631563
25.115654301383458
5.770761066509574
73.70528981397096
7.9394502533403815
3.6162307638744537
225.76701626409496
8.646779856603423
16.657649291397792
9.361517661229206
265.1921205824471
185.69481292782518
6.959342782171378
56.07043286770793
4.725929811787857
11.780372417663353
4.970398333694332
11.082293704570588
3.3067120177293994
5.155346920366383
27.59438674664422
7.691654628516002
111.80712041970683
6.5882343693646765
4.04051810241324
12.038606763855048
15.892406110977323
242.86110594372929
16.83551238065666
14.149375982299894
4.077154025647937
64.20879055557086
6.488480133120721
11.305271406057635
6.9467891556535095
21.24183088812035
9.802329739460172
264.2120253251146
3.8487785201480933
15.231324900259885
23.038455783434184
5.556152683027836
84.71745949865497
8.185292672238957
5.477881731690492
128.02317809204231
12.61467710131927
4.661850999489959
3.557839083569766
17.54957026439993
9.134754387291066
266.46267478773615
13.301779942075633
7.194217279462662
10.865298071403426
3.325750570181199
206.22289517224473
6.460414227875811
49.133389208784706
4.336389270114046
10.01739607328657
267.67505778078345
3.7447438255847483
14.655374454256824
3.3177500213583446
9.802329739460172
264.2120253251146
3.8487785201480933
15.231324900259885
23.038455783434184
5.556152683027836
84.71745949865497
8.185292672238957
5.477881731690492
128.02317809204231
12.61467710131927
4.661850999489959
3.557839083569766
17.54957026439993
9.134754387291066
266.46267478773615
13.301779942075633
7.194217279462662
10.865298071403426
3.325750570181199
206.22289517224473
6.460414227875811
49.133389208784706
4.336389270114046
10.01739607328657
267.67505778078345
3.7447438255847483
14.655374454256824
8.428364016836268
34.07722061174206
12.941793807896591
4.326550257631563
25.115654301383458
5.770761066509574
73.70528981397096
7.9394502533403815
3.6162307638744537
225.76701626409496
3.4771152292180014
16.657649291397792
9.361517661229206
265.1921205824471
185.69481292782518
6.224005730796306
56.07043286770793
4.479521365803378
11.780372417663353
4.970398333694332
11.082293704570588
3.3067120177293994
5.155346920366383
27.59438674664422
7.691654628516002
111.80712041970683
5.993743771266414
4.04051810241324
12.038606763855048
15.892406110977323
242.86110594372929
10.22989607906561
14.149375982299894
4.077154025647937
64.20879055557086
3.4759988000641493
11.305271406057635
6.9467891556535095
165.33680504426664
4.632628057486883
38.27067635683369
19.83156305108134
3.407745478667588
264.7934900181512
8.66785739912911
3.647522319612179
4.2025274828695185
3.8039222102783237
12.315362965907635
5.350746176860005
30.552023374795922
7.442899586063101
97.38397384442152
10.652288151894334
256.0004357715358
10.441040980111692
13.701575904570198
3.9594253314631858
267.7906894267919
6.701776895013828
145.94902598527338
4.796133419847838
43.2469372611542
5.04587484347752
21.29621383960349
3.380500242281384
11.5369894417265
9.58397789593182
18.596365158689622
3.3531774090268716
3.3531774090268716
8.903484708400425
8.678876924402621
9.802329739460172
264.2120253251146
3.8487785201480933
15.231324900259885
23.038455783434184
5.556152683027836
84.71745949865497
8.185292672238957
5.477881731690492
128.02317809204231
12.61467710131927
4.661850999489959
3.557839083569766
17.54957026439993
9.134754387291066
266.46267478773615
13.301779942075633
7.194217279462662
10.865298071403426
3.325750570181199
206.22289517224473
6.460414227875811
49.133389208784706
4.336389270114046
10.01739607328657
267.67505778078345
3.7447438255847483
14.655374454256824
8.428364016836268
34.07722061174206
12.941793807896591
4.326550257631563
25.115654301383458
5.770761066509574
73.70528981397096
7.9394502533403815
3.6162307638744537
225.76701626409496
3.4771152292180014
16.657649291397792
9.361517661229206
265.1921205824471
185.69481292782518
6.224005730796306
56.07043286770793
4.479521365803378
11.780372417663353
4.970398333694332
11.082293704570588
3.3067120177293994
5.155346920366383
27.59438674664422
7.691654628516002
111.80712041970683
5.993743771266414
4.04051810241324
12.038606763855048
15.892406110977323
242.86110594372929
10.22989607906561
14.149375982299894
4.077154025647937
64.20879055557086
3.4759988000641493
11.305271406057635
6.9467891556535095
165.33680504426664
4.632628057486883
38.27067635683369
19.83156305108134
3.407745478667588
264.7934900181512
8.66785739912911
3.647522319612179
4.2025274828695185
3.8039222102783237
12.315362965907635
5.350746176860005
30.552023374795922
7.442899586063101
97.38397384442152
10.652288151894334
256.0004357715358
10.441040980111692
13.701575904570198
3.9594253314631858
267.7906894267919
6.701776895013828
145.94902598527338
4.796133419847838
43.2469372611542
5.04587484347752
21.29621383960349
3.380500242281384
11.5369894417265
9.58397789593182
18.596365158689622
3.3531774090268716
3.3531774090268716
8.903484708400425
8.678876924402621
9.802329739460172
264.2120253251146
3.8487785201480933
15.231324900259885
23.038455783434184
5.556152683027836
84.71745949865497
8.185292672238957
5.477881731690492
128.02317809204231
12.61467710131927
4.661850999489959
3.557839083569766
17.54957026439993
9.134754387291066
266.46267478773615
13.301779942075633
7.194217279462662
10.865298071403426
3.325750570181199
206.22289517224473
6.460414227875811
49.133389208784706
4.336389270114046
10.01739607328657
267.67505778078345
3.7447438255847483
14.655374454256824
8.428364016836268
34.07722061174206
12.941793807896591
4.326550257631563
25.115654301383458
5.770761066509574
73.70528981397096
7.9394502533403815
3.6162307638744537
225.76701626409496
3.4771152292180014
16.657649291397792
9.361517661229206
265.1921205824471
185.69481292782518
6.224005730796306
56.07043286770793
4.479521365803378
11.780372417663353
4.970398333694332
11.082293704570588
3.3067120177293994
5.155346920366383
27.59438674664422
7.691654628516002
111.80712041970683
5.993743771266414
4.04051810241324
12.038606763855048
15.892406110977323
242.86110594372929
10.22989607906561
14.149375982299894
4.077154025647937
64.20879055557086
3.4759988000641493
11.305271406057635
6.9467891556535095
165.33680504426664
4.632628057486883
38.27067635683369
19.83156305108134
3.407745478667588
264.7934900181512
8.66785739912911
3.647522319612179
4.2025274828695185
3.8039222102783237
12.315362965907635
5.350746176860005
30.552023374795922
7.442899586063101
97.38397384442152
10.652288151894334
256.0004357715358
10.441040980111692
13.701575904570198
3.9594253314631858
267.7906894267919
6.701776895013828
145.94902598527338
4.796133419847838
43.2469372611542
5.04587484347752
21.29621383960349
3.380500242281384
11.5369894417265
9.58397789593182
18.596365158689622
3.3531774090268716
3.3531774090268716
8.903484708400425
8.678876924402621
9.802329739460172
264.2120253251146
3.8487785201480933
15.231324900259885
23.038455783434184
5.556152683027836
84.71745949865497
8.185292672238957
5.477881731690492
128.02317809204231
12.61467710131927
4.661850999489959
3.557839083569766
17.54957026439993
9.134754387291066
266.46267478773615
13.301779942075633
7.194217279462662
10.865298071403426
3.325750570181199
206.22289517224473
6.460414227875811
49.133389208784706
4.336389270114046
10.01739607328657
267.67505778078345
3.7447438255847483
14.655374454256824
8.428364016836268
34.07722061174206
12.941793807896591
4.326550257631563
25.115654301383458
5.770761066509574
73.70528981397096
7.9394502533403815
3.6162307638744537
225.76701626409496
3.4771152292180014
16.657649291397792
9.361517661229206
265.1921205824471
185.69481292782518
6.224005730796306
56.07043286770793
4.479521365803378
11.780372417663353
4.970398333694332
11.082293704570588
3.3067120177293994
5.155346920366383
27.59438674664422
7.691654628516002
111.80712041970683
5.993743771266414
4.04051810241324
12.038606763855048
15.892406110977323
242.86110594372929
10.22989607906561
14.149375982299894
4.077154025647937
64.20879055557086
3.4759988000641493
11.305271406057635
6.9467891556535095
165.33680504426664
4.632628057486883
38.27067635683369
19.83156305108134
3.407745478667588
264.7934900181512
8.66785739912911
3.647522319612179
4.2025274828695185
3.8039222102783237
12.315362965907635
5.350746176860005
30.552023374795922
7.442899586063101
97.38397384442152
10.652288151894334
256.0004357715358
10.441040980111692
13.701575904570198
3.9594253314631858
267.7906894267919
6.701776895013828
145.94902598527338
4.796133419847838
43.2469372611542
5.04587484347752
21.29621383960349
3.380500242281384
11.5369894417265
9.58397789593182
18.596365158689622
3.3531774090268716
3.3531774090268716
8.903484708400425
21.788693972345186
15.57971134009473
145.18371924519553
6.402743353634974
34.17031417092197
62.75109966124063
7.769218871881297
157.33433869539147
11.748302707705259
6.921407229184627
174.75888456476784
24.120006097134354
5.5752206773047845
5.684148894311069
43.40661417866696
13.90292123264575
139.74909269996323
26.60185331403671
9.815932139615953
18.527169694384884
3.8934501730488
165.25379347931488
8.678688103864541
119.88631544035202
7.03675650529012
16.14871630494667
142.63846741688866
6.187362299594856
31.856980766827306
12.27403894520787
92.05995773069829
25.281356051101035
5.00068753130299
69.10448158409724
7.933648864660157
148.7089004305218
11.235710960501459
3.826529953047624
159.06630016975305
5.398416673608262
39.899380964224605
14.457345080131766
139.14241824355966
170.90355343186667
8.38478857052768
129.6780550289966
7.148234848400036
21.32785374154294
7.429962527115258
19.168816531381125
4.151587841205752
7.526119817059149
76.1125710067715
10.739720349385333
170.83613736262714
8.137117668647244
4.505090956733255
22.16582409653747
36.836012043151264
153.37555365117942
16.724839860060257
29.852204485131395
6.762316327286108
139.37890403702954
3.6960019676987788
19.84268342839249
9.398393477461521
174.8128467359775
7.247584671139278
100.9134003107143
51.932772011014755
5.093725392906936
138.66242445376022
12.809758114343527
5.9476875568653504
6.909092438173582
4.105473132453753
23.089604955754982
7.636303824084348
83.7734118767658
10.26485316879793
164.86274399457218
17.909816237680417
148.71492436008862
17.310727465842138
28.11370836936073
6.594068477623892
140.87626513851367
9.017654958075054
176.16675207391495
7.339458063660458
110.23580161393738
6.2178234513193615
57.03662953925854
3.725921914714939
20.55832463411237
15.01619437815529
47.403040378293056
4.7760607006714295
4.7760607006714295
13.353307811091321
17.500962260812557
15.617646838425419
142.77294104954623
6.420167546982201
34.129585135982914
62.823092737858794
7.7098396889348955
157.2774368059951
11.740032592624647
7.241872646743309
174.29610485845913
24.09450892342303
5.733347095333117
5.68557394640654
43.39746091390288
13.928088568956577
136.63648611508333
26.56278880478321
9.768511922355138
18.55670931672614
3.8107675012983595
163.89016518569179
8.612331287651566
120.03455397245146
7.040785542365679
16.187973707369867
139.98533546941346
6.202183971849095
31.812420465373282
12.275373521851947
92.21044905245267
25.248399485170708
5.089608898555976
69.19942010421245
7.868807974238152
148.73375330071661
11.217424013053774
3.7686905705738596
157.43780349118128
5.38904712322678
39.876336222776274
14.488166805606205
135.8089731397005
169.79421175659854
8.316360261149601
129.8023265608851
7.144257271963733
21.328269267142275
7.396777463304213
19.192504454806883
4.081355121256131
7.483113287937548
76.22927189320133
10.711316174522466
170.53712539679663
8.069191583691579
4.533876292074848
22.15743712179801
36.80242167301664
151.47964270214962
16.7638900880825
29.806893652835413
6.777360266818005
139.46307461163917
3.6158073496862118
19.85942084895067
9.342930713759737
173.94136514640962
7.234436669011531
101.07230243321467
51.96025992217884
5.07106193863969
135.1116125963901
12.820008882867434
5.957195238270566
6.919571726630078
4.084650863754897
23.072445677855256
7.584375776402756
83.90920042643788
10.226601758594018
164.69867323886447
17.94394136015444
146.5567966081886
17.34805229015462
28.070372484099945
6.611505642765031
137.98980550599583
8.955735138142265
175.5121771211729
7.3164066022112
110.39472669373673
6.453314051165228
57.085786217595356
3.6383719674124473
20.567217851808763
15.0512989858695
47.41087730214147
4.738084283667858
4.738084283667858
13.371566132724627
17.509522766295866
15.617646838425419
142.77294104954623
6.420167546982201
34.129585135982914
62.823092737858794
7.7098396889348955
157.2774368059951
11.740032592624647
7.241872646743309
174.29610485845913
24.09450892342303
5.733347095333117
5.68557394640654
43.39746091390288
13.928088568956577
136.63648611508333
26.56278880478321
9.768511922355138
18.55670931672614
3.8107675012983595
163.89016518569179
8.612331287651566
120.03455397245146
7.040785542365679
16.187973707369867
139.98533546941346
6.202183971849095
31.812420465373282
12.275373521851947
92.21044905245267
25.248399485170708
5.089608898555976
69.19942010421245
7.868807974238152
148.73375330071661
11.217424013053774
3.7686905705738596
157.43780349118128
5.38904712322678
39.876336222776274
14.488166805606205
135.8089731397005
169.79421175659854
8.316360261149601
129.8023265608851
7.144257271963733
21.328269267142275
7.396777463304213
19.192504454806883
4.081355121256131
7.483113287937548
76.22927189320133
10.711316174522466
170.53712539679663
8.069191583691579
4.533876292074848
22.15743712179801
36.80242167301664
151.47964270214962
16.7638900880825
29.806893652835413
6.777360266818005
139.46307461163917
3.6158073496862118
19.85942084895067
9.342930713759737
173.94136514640962
7.234436669011531
101.07230243321467
51.96025992217884
5.07106193863969
135.1116125963901
12.820008882867434
5.957195238270566
6.919571726630078
4.084650863754897
23.072445677855256
7.584375776402756
83.90920042643788
10.226601758594018
164.69867323886447
17.94394136015444
146.5567966081886
17.34805229015462
28.070372484099945
6.611505642765031
137.98980550599583
8.955735138142265
175.5121771211729
7.3164066022112
110.39472669373673
6.453314051165228
57.085786217595356
3.6383719674124473
20.567217851808763
15.0512989858695
47.41087730214147
4.738084283667858
4.738084283667858
13.371566132724627
17.509522766295866
15.617646838425419
142.77294104954623
6.420167546982201
34.129585135982914
62.823092737858794
7.7098396889348955
157.2774368059951
11.740032592624647
7.241872646743309
174.29610485845913
24.09450892342303
5.733347095333117
5.68557394640654
43.39746091390288
13.928088568956577
136.63648611508333
26.56278880478321
9.768511922355138
18.55670931672614
3.8107675012983595
163.89016518569179
8.612331287651566
120.03455397245146
7.040785542365679
16.187973707369867
139.98533546941346
6.202183971849095
31.812420465373282
12.275373521851947
92.21044905245267
25.248399485170708
5.089608898555976
69.19942010421245
7.868807974238152
148.73375330071661
11.217424013053774
3.7686905705738596
157.43780349118128
5.38904712322678
39.876336222776274
14.488166805606205
135.8089731397005
169.79421175659854
8.316360261149601
129.8023265608851
7.144257271963733
21.328269267142275
7.396777463304213
19.192504454806883
4.081355121256131
7.483113287937548
76.22927189320133
10.711316174522466
170.53712539679663
8.069191583691579
4.533876292074848
22.15743712179801
36.80242167301664
151.47964270214962
16.7638900880825
29.806893652835413
6.777360266818005
139.46307461163917
3.6158073496862118
19.85942084895067
9.342930713759737
173.94136514640962
7.234436669011531
101.07230243321467
51.96025992217884
5.07106193863969
135.1116125963901
12.820008882867434
5.957195238270566
6.919571726630078
4.084650863754897
23.072445677855256
7.584375776402756
83.90920042643788
10.226601758594018
164.69867323886447
17.94394136015444
146.5567966081886
17.34805229015462
28.070372484099945
6.611505642765031
137.98980550599583
8.955735138142265
175.5121771211729
7.3164066022112
110.39472669373673
6.453314051165228
57.085786217595356
3.6383719674124473
20.567217851808763
15.0512989858695
47.41087730214147
4.738084283667858
4.738084283667858
13.371566132724627
13.031132417911264
15.617646838425419
142.77294104954623
6.420167546982201
34.129585135982914
62.823092737858794
7.7098396889348955
157.2774368059951
11.740032592624647
7.241872646743309
174.29610485845913
24.09450892342303
5.733347095333117
5.68557394640654
43.39746091390288
13.928088568956577
136.63648611508333
26.56278880478321
9.768511922355138
18.55670931672614
3.8107675012983595
163.89016518569179
8.612331287651566
120.03455397245146
7.040785542365679
16.187973707369867
139.98533546941346
6.202183971849095
31.812420465373282
12.275373521851947
92.21044905245267
25.248399485170708
5.089608898555976
69.19942010421245
7.868807974238152
148.73375330071661
11.217424013053774
3.7686905705738596
157.43780349118128
5.38904712322678
39.876336222776274
14.488166805606205
135.8089731397005
169.79421175659854
8.316360261149601
129.8023265608851
7.144257271963733
21.328269267142275
7.396777463304213
19.192504454806883
4.081355121256131
7.483113287937548
76.22927189320133
10.711316174522466
170.53712539679663
8.069191583691579
4.533876292074848
22.15743712179801
36.80242167301664
151.47964270214962
16.7638900880825
29.806893652835413
6.777360266818005
139.46307461163917
3.6158073496862118
19.85942084895067
9.342930713759737
173.94136514640962
7.234436669011531
101.07230243321467
51.96025992217884
5.07106193863969
135.1116125963901
12.820008882867434
5.957195238270566
6.919571726630078
4.084650863754897
23.072445677855256
7.584375776402756
83.90920042643788
10.226601758594018
164.69867323886447
17.94394136015444
146.5567966081886
17.34805229015462
28.070372484099945
6.611505642765031
137.98980550599583
8.955735138142265
175.5121771211729
7.3164066022112
110.39472669373673
6.453314051165228
57.085786217595356
3.6383719674124473
20.567217851808763
15.0512989858695
47.41087730214147
4.738084283667858
4.738084283667858
13.371566132724627
4.0364411172701224
16.108989287308567
144.48378387705404
5.8703242467814984
36.41074872450958
66.1140461105224
7.312231336688683
161.2032259608739
11.806650593552654
7.04939511080027
177.71991016166248
25.63925060653188
5.521773331430161
5.214509458034158
46.100504253500084
14.223791346231094
138.6926136319081
28.33377076591962
9.640060453259425
19.42813268363825
3.48840511742836
166.334597195615
8.357162343012043
124.07786036233148
6.454583288670033
16.74952476883726
141.61212452132762
5.657423165495638
33.96050248231803
12.39590773637645
96.0163682299962
26.903930128162422
4.866177364356109
72.63103186395708
7.504137136921678
152.74370307402404
11.232427179094994
3.5014823501707997
159.65909517794947
4.947719092379028
42.43588778044481
14.846916836261851
137.00518482626578
172.48164442537865
8.023030408894053
133.8691128737776
6.566262603594854
22.561457651735527
6.908280186636042
20.14920425373808
3.7383406011779527
7.023676027255058
79.79765368280907
10.67603834286931
174.1689146927918
7.7393145186647745
4.297356253065958
23.489465245142807
39.22090358863933
153.54304382169414
17.39844198824703
31.823737604783627
6.234536260493343
143.52315468835766
3.331269526944907
20.904380713271483
9.170134139814413
176.8879870474204
6.688897157607274
104.98452111340615
54.95851059666043
4.656861767649937
139.2129557847323
12.9968683588204
5.45348691059881
6.363729272968518
3.8334964949574615
24.508129115309014
7.155078742449753
87.60636002774073
10.143730959590721
168.49595949229294
18.73288821991248
148.43881860579216
18.058270084488242
29.961835471638114
6.071641619665466
139.64974296105143
8.740832536014592
178.70899328823697
6.799664125099877
114.38017950315337
6.252028366142529
60.23232448411421
3.335347770648106
21.704198879700833
15.475302663213276
50.26208062810409
4.349247458863065
4.349247458863065
13.607003514916519
4.0364411172701224
16.108989287308567
144.48378387705404
5.8703242467814984
36.41074872450958
66.1140461105224
7.312231336688683
161.2032259608739
11.806650593552654
7.04939511080027
177.71991016166248
25.63925060653188
5.521773331430161
5.214509458034158
46.100504253500084
14.223791346231094
138.6926136319081
28.33377076591962
9.640060453259425
19.42813268363825
3.48840511742836
166.334597195615
8.357162343012043
124.07786036233148
6.454583288670033
16.74952476883726
141.61212452132762
5.657423165495638
33.96050248231803
12.39590773637645
96.0163682299962
26.903930128162422
4.866177364356109
72.63103186395708
7.504137136921678
152.74370307402404
11.232427179094994
3.5014823501707997
159.65909517794947
4.947719092379028
42.43588778044481
14.846916836261851
137.00518482626578
172.48164442537865
8.023030408894053
133.8691128737776
6.566262603594854
22.561457651735527
4.0364411172701224
16.108989287308567
144.48378387705404
5.8703242467814984
36.41074872450958
66.1140461105224
7.312231336688683
161.2032259608739
11.806650593552654
7.04939511080027
177.71991016166248
25.63925060653188
5.521773331430161
5.214509458034158
46.100504253500084
14.223791346231094
138.6926136319081
28.33377076591962
9.640060453259425
19.42813268363825
3.48840511742836
166.334597195615
8.357162343012043
124.07786036233148
6.454583288670033
16.74952476883726
141.61212452132762
5.657423165495638
33.96050248231803
12.39590773637645
96.0163682299962
26.903930128162422
4.866177364356109
72.63103186395708
7.504137136921678
152.74370307402404
11.232427179094994
3.5014823501707997
159.65909517794947
4.947719092379028
42.43588778044481
14.846916836261851
137.00518482626578
172.48164442537865
8.023030408894053
133.8691128737776
6.566262603594854
22.561457651735527
6.908280186636042
20.14920425373808
3.7383406011779527
7.023676027255058
79.79765368280907
10.67603834286931
174.1689146927918
7.7393145186647745
4.297356253065958
23.489465245142807
39.22090358863933
153.54304382169414
17.39844198824703
31.823737604783627
6.234536260493343
143.52315468835766
3.331269526944907
20.904380713271483
9.170134139814413
176.8879870474204
6.688897157607274
104.98452111340615
54.95851059666043
4.656861767649937
139.2129557847323
12.9968683588204
5.45348691059881
6.363729272968518
3.8334964949574615
24.508129115309014
7.155078742449753
87.60636002774073
10.143730959590721
168.49595949229294
18.73288821991248
148.43881860579216
18.058270084488242
29.961835471638114
6.071641619665466
139.64974296105143
8.740832536014592
178.70899328823697
6.799664125099877
114.38017950315337
6.252028366142529
60.23232448411421
3.335347770648106
21.704198879700833
15.475302663213276
50.26208062810409
4.349247458863065
4.349247458863065
13.607003514916519
