1827.403148802866
1827.403148802866
1827.403148802866
1827.403148802866
1827.403148802866
211.10071862343858
501.6235784821445
501.6235784821445
344.0633230518063
252.53224449728404
209.10338486442777
208.13263139753076
208.13263139753076
501.6235784821445
515.6312163567811
515.6312163567811
515.6312163567811
515.6312163567811
344.0633230518063
209.69863076772126
250.87741145256055
250.87741145256055
1311.9833443690804
509.9621260503154
568.0370721266999
394.7879849305318
394.7879849305318
394.7879849305318
394.7879849305318
394.37652153300445
394.37652153300445
394.37652153300445
394.3764803492217
278.8666102807394
519.7365421180981
947.7933314380091
879.9004700819787
8.989013333770528
8.989013333770528
8.844192169799294
5.517830581266174
5.517830581266174
74.83458115317394
74.83458115317394
74.83458115317394
74.83458115317394
74.83458115317394
8.844192169799294
5.517830581266174
5.517830581266174
8.844192169799294
2.6909507380956943
2.4467686606297483
1.9075251599058871
3.9572644587798806
8.844192169799294
8.844192169799294
5.517830581266174
3.072619934950737
1.638319057386523
1.638319057386523
74.83458115317397
8.844192169799431
5.5178305812662245
3.9572644587798957
3.072619934950735
2.4467686606297505
1.961179070636681
1.907525159905903
1.6383190573865123
29.820958123472384
8.88377706117509
5.51893209067801
3.722100914227187
2.74597272473931
2.156050217472037
2.221023781695567
1.8392348796318712
1.5436380703662025
9.071854388500974
6.6017103767230765
4.5084735635472475
3.2747748504710703
2.51914118569841
2.0138198358215105
1.9648996791021043
1.6404366563253636
1.3898090396545744
22.64094029376072
3.315381938916764
1.9720906650245986
1.1986690497151915
0.8013732192533152
0.8297741831602438
0.63552225207312
0.505611622227771
0.41922841307303377
6.53917455281927
6.53917455281927
6.53917455281927
6.53917455281927
22.64094029376072
22.64094029376072
6.53917455281927
5.919212546046624
5.425647166059274
5.028873395090948
4.70526540854772
4.436361947440832
4.207987326191485
4.00942528517807
3.832696521710428
3.671953273304945
3.315381938916764
1.9720906650245986
1.1986690497151915
0.8013732192533152
0.8297741831602438
0.63552225207312
0.505611622227771
0.41922841307303377
6.53917455281927
6.53917455281927
6.53917455281927
6.53917455281927
6.53917455281927
6.53917455281927
6.53917455281927
6.53917455281927
6.53917455281927
6.53917455281927
6.53917455281927
22.64094029376072
6.53917455281927
5.919212546046624
5.425647166059274
5.028873395090948
4.70526540854772
4.436361947440832
4.207987326191485
4.00942528517807
3.832696521710428
3.671953273304945
3.315381938916764
1.9720906650245986
1.1986690497151915
0.8013732192533152
0.8297741831602438
0.63552225207312
0.505611622227771
0.41922841307303377
7.317743618920346
0.541773716992552
0.20570900901446976
0.10055441063137847
0.1825189550536515
3.16247677265069
7.401182058538481
6.517980062679439
4.944103367475572
2.1577060378366215
5.694714578330568
9.273716362155104
8.326237165938215
10.228500817007282
10.228500817007282
0.9968573437196042
4.272277191251209
3.6796249552794364
0.6344264885549159
0.16919079496529169
0.5438775737703594
0.33185208013442724
0.15961532640779935
0.1825189550536515
3.16247677265069
7.401182058538481
6.517980062679439
4.944103367475572
2.7495559557653055
5.694714578330568
9.273716362155104
8.326237165938215
10.228500817007282
10.228500817007282
1.2935468631820073
4.272277191251209
3.6796249552794364
0.7462895451203599
0.21216022298226833
39.99444252092132
73.15193469347169
71.48324243934779
65.76966366284424
69.08801811516973
74.92518259915038
74.2609597492974
75.2270674233557
75.2270674233557
61.28223074778893
55.32610711001056
38.26491255318622
45.769730709918406
55.093351394268645
51.057690561053306
17.428012216690696
17.428012216690696
289.68936934320703
121.01853021433627
42.39187176776433
38.26491255318622
45.769730709918406
55.093351394268645
51.057690561053306
17.428012216690696
17.428012216690696
289.68936934320703
121.01853021433627
42.39187176776433
40.600043081637494
26.069296237053635
15.711879004105302
62.58803328625849
47.54915353183832
71.48324243934779
33.02567417875177
33.02567417875177
289.68936934320703
245.3334005357821
190.17375880444703
98.87499196246858
17.618756019555715
54.64374923548874
83.32728366003244
90.66189017250917
42.39187176776433
19.952977092011977
82.15564531274342
41.29708123587035
51.58069706015434
0.5765265449069391
0.5005741210591593
0.45333999614966275
0.5543523235387549
3.021194357554678
4.353641375412786
2.3790305934552243
2.3790305934552243
1.4916017864696756
1.1988507689917465
1.87294683998071
1.078794677899518
0.4387068713864546
0.37271879760860227
0.7973701752282341
0.6989212596740272
0.3714841347351954
0.9209864640524303
0.6671972564836604
0.4472708847112874
0.3740422885212066
0.4558571119535478
0.5005741210591593
3.0211943575546774
4.353641375412786
2.3790305934552243
2.3790305934552243
1.4916017864696756
1.1988507689917465
1.8729468399807099
1.078794677899518
0.4387068713864546
0.3727187976086023
0.7973701752282341
0.6989212596740272
0.3714841347351954
0.9209864640524301
0.6671972564836604
0.44727088471128734
0.3740422885212066
0.3535117937847685
0.3535117937847685
0.4558571119535478
0.5005741210591593
0.4533399961496627
0.5543523235387549
3.0211943575546774
4.353641375412786
2.3790305934552243
2.3790305934552243
1.4916017864696756
1.1988507689917465
1.8729468399807099
1.078794677899518
0.4387068713864546
0.3727187976086023
0.7973701752282341
0.6989212596740272
0.3714841347351954
0.9209864640524301
0.6671972564836604
0.44727088471128734
0.3740422885212066
0.5674262680237864
0.43283000050441656
0.3419220468319026
0.48854737068365856
3.0212214309287577
4.3536834681044185
2.172134114324213
2.172134114324213
1.2526000924306513
0.9745057911062686
1.6288041480579294
0.5674262680237864
0.43283000050441656
0.3419220468319026
0.48854737068365856
3.0212214309287577
4.3536834681044185
2.172134114324213
2.172134114324213
1.2526000924306513
0.9745057911062686
1.6288041480579294
0.9836324225974059
0.36187020190657326
0.25415969813802264
0.48628927473524963
0.39638707641912607
0.30141094562145065
0.6057171802075331
0.5520054858593719
0.30650057467169434
0.23543211873336567
0.5674262680237864
0.43283000050441656
0.3419220468319026
0.48854737068365856
3.0212214309287577
4.3536834681044185
2.172134114324213
2.172134114324213
1.2526000924306513
0.9745057911062686
1.6288041480579294
0.9836324225974059
0.36187020190657326
0.25415969813802264
0.48628927473524963
0.39638707641912607
0.30141094562145065
0.6057171802075331
0.5520054858593719
0.30650057467169434
0.23543211873336567
0.5743012122803018
0.5005681077656827
0.4533352301672835
0.5543464905848946
3.0212214309287577
4.3536834681044185
2.3790362014535074
2.3790362014535074
1.491580672396971
1.198834414197846
1.8729321901448364
1.0787797623940734
0.43869712760788854
0.37270697284647697
0.797360538874297
0.698913692364238
0.354578641076951
0.8287612158241185
0.6194033896123244
0.4208448289684919
0.3534979078088126
